1.309197284272945350e+00
2.588111244010951939e+00
-2.459429305824583523e+00
-4.041790413674217763e-01
3.362766699482880206e+00
1.286713004833757834e+00
-2.918413794433647901e+00
-2.529062234044073598e+00
-1.283533867421441599e+00
-8.872673646998107122e-01
1.025018742711115927e+00
-2.507546645803798935e+00
-3.837195674319773708e+00
-1.598348489184529875e+00
-1.169314399061207821e+00
8.230951911810400201e-01
1.655020026769195018e+00
3.186106139842049156e+00
3.918416335149660923e-01
-1.060040682250690258e+00
-2.306470633704506668e+00
-2.448953154788980346e-01
5.788414822784253982e-02
1.763793149338203525e+00
5.797093990199911340e-03
5.095824587653114968e+00
2.032290834847091610e+00
-2.719609755349222002e+00
-2.125737117368395879e+00
-1.063148266369093875e+00
-2.306304888588981417e-01
-3.312085031026032578e+00
3.770126875343339012e+00
4.322130369030054098e+00
-3.404957374191248665e+00
-2.850760228860430567e-01
1.778374301140681346e-01
7.163946766763314988e-01
-5.979192824882356705e-01
-1.991460129561496206e+00
2.376570502066357449e+00
2.991240448943626618e+00
-2.036650336541040662e+00
-2.060482084418318482e+00
-3.323583126653855691e-01
2.298880133852127639e+00
-1.546619783393507808e+00
1.163024266536616946e-01
1.774466695652481496e+00
9.222528589995688808e-01
-3.306576229487989127e-01
3.815690900840555511e+00
-2.238962479568054054e+00
2.344970735948737339e-01
-2.523798038725066917e+00
-3.084963445589721687e+00
-2.045160342213145466e+00
2.650287000983550190e+00
8.669882749949295864e-01
-2.746938162362463132e+00
3.853635050966302877e+00
-6.427252912112234595e-01
1.352780622973937641e+00
-5.449117525296307551e-01
-2.212935608069865889e-02
-5.307748396084337905e+00
-1.755018858231124579e+00
3.684216471420975303e+00
4.065578348672501008e+00
4.520321666453837040e-01
4.111704804969142479e+00
-8.245501373503163478e-01
1.073670662495642469e+00
-8.551231389173838404e-04
-2.398535420181197308e-01
-1.864070933406885677e+00
-3.894483500990484903e-01
-2.781237079397409939e+00
-2.724892545375859898e-01
-2.562890173312420306e+00
1.654858529838435066e+00
3.322846669077291537e+00
6.090179565356125257e-01
-2.687581970872316539e+00
-3.027249581136294554e-03
2.237449076146300619e+00
-9.370935124040258302e-01
-1.675004231851715319e+00
3.611411632607072875e+00
1.808118191686266307e+00
5.256622072774790322e-01
-3.383251062380348451e+00
-4.986402108359398788e+00
-2.167595342876455611e+00
-9.932510094413754542e-01
1.250118488440392861e+00
-7.603133416016304436e-01
1.932247504816892336e+00
3.529705478075961800e-01
1.528286141272497956e+00
1.776860408254932633e+00
-1.237073673043177502e+00
1.802414597950587005e+00
4.045239958219578047e-01
-3.095567950612648778e-01
-2.493254997341733059e+00
4.986876485211936938e+00
-3.524250466901976964e-01
-2.605138261656439802e+00
-5.710176536473210440e-01
4.630661841754468155e-01
-2.034015595344998761e+00
-1.036279682646088940e+00
-2.768982678326739610e-01
-2.734239742128740325e+00
-8.489132516508841597e-01
2.186995759681690910e+00
-1.206084398835655769e+00
3.163494644573670911e+00
1.046275772296819229e+00
-3.935087608727692032e+00
5.964018704853089187e-02
-2.400904415510173973e+00
-1.261218936455657524e-01
4.136110109548719826e+00
3.551942455806281096e+00
-1.685136355999366842e+00
-2.125264175766518271e+00
6.602148535547333053e-01
-2.695665470173209122e-01
-5.164302734523434912e-01
-1.394802468571731291e+00
5.020159211275277755e+00
-5.025844421066907319e-01
-8.206667610991309481e-01
3.677955738163092292e-01
-6.949491159823135700e-01
3.004835831518343769e-01
6.811002943702046397e-02
1.690377055085313884e+00
-1.792281241379956924e+00
5.614045919306264176e-01
-1.503705113397330706e+00
2.873782642635893669e+00
3.129500342638995569e-01
1.044627242227256669e+00
4.113964622677237060e+00
-1.541954428767744689e+00
1.590244785451004672e+00
-2.864360774114272701e+00
-6.743092070271131111e-02
1.561865371978423123e-01
2.873955038475960677e+00
4.041571214816241930e-01
-5.177463871121243955e-01
1.985551802529369692e+00
-1.388999947307727689e+00
-1.371072117111414412e+00
-3.866086756195742158e+00
-1.926511550577090670e+00
6.059007800749413031e-01
2.306653987534623695e+00
-1.470124509186968353e+00
3.356826231947072525e+00
-9.203060291364409951e-01
-1.832482538246011095e-01
3.894615388633789088e+00
-3.995320668824086763e+00
4.152735038088292363e+00
1.554434772694495148e+00
8.481798101519809618e-01
3.025214046022291825e+00
1.704600313921407650e+00
2.835712383284151983e+00
2.877207686807912168e+00
4.400176549226232359e-01
2.126796099497421100e-01
-1.414189723975185498e+00
-2.839653828776488975e+00
-3.876193476330330734e-01
-8.954261053518987046e-01
-4.357025787949967643e+00
-2.737159033288073751e+00
2.184206577744907118e+00
6.653262305161251611e-01
5.695523757128433395e-01
3.832569672214496959e-01
4.661280978723114643e-01
-3.895554185851730189e+00
-5.510606260197700168e-01
4.928395640325934357e-01
2.971372658609936046e+00
-9.307732869328433356e-01
-9.074130054242249832e-01
3.782681319519632268e+00
-3.569281837285986914e-01
8.185451726555240670e-01
3.936414353609817285e-01
3.023853806693706847e+00
1.124458050247106211e+00
-7.952490593606393876e-01
-2.156135458393660720e+00
2.368764951296394639e+00
-8.547708051977435106e-01
2.596537277219552298e+00
-2.092963532093666590e+00
3.046495199017943967e-01
1.750170644042179813e+00
4.487033286916524699e-01
1.339392818439870902e+00
-1.661872374342893588e+00
1.113502610633612999e+00
7.994381487451434065e-01
1.017337738756977750e+00
-2.728755989524896397e-01
-2.658227930681587026e+00
6.223504808691426859e-01
-1.876772833086933989e+00
2.331466579684797757e+00
3.802710644116687799e+00
1.977277471888583715e+00
-1.819122552086341216e+00
-1.248631007175435625e+00
-1.812694531037824797e-01
-5.335693647850484611e-01
-1.613545872080227594e+00
5.975919936966794133e+00
-3.796935380588804421e+00
-5.395075781000163717e-01
-1.027429380949799048e-01
2.943039925613164520e+00
-2.928323312143656931e-01
-1.624081602195853735e+00
1.065874073829910174e+00
-1.735687077907935416e+00
1.135267601106829949e-01
1.359443392035723175e+00
2.143224342390392945e+00
2.666245001530551662e+00
-9.387710202333902076e-01
-1.211938298998830321e+00
-1.963244484484263808e+00
2.280428520803941428e+00
-3.031773617243355701e-01
-2.100223141230595392e+00
7.089487951761170859e-01
-1.705148368428769157e+00
1.634961118215957132e+00
-1.367872104624646035e+00
1.385630713776254908e+00
3.121301137845240881e+00
7.430787235678472102e-01
7.772338554368116714e-01
-7.546083088101376846e-02
2.772218863356361584e-01
-3.702110008326855883e+00
-1.087194574012538828e+00
-4.535831474172475453e+00
-4.214286574686341602e+00
2.218378953365261363e+00
-2.523366153016517455e+00
2.873097006034035505e+00
1.380218358509135990e-01
-1.511455735918030285e+00
-2.993140078128882831e+00
2.817092632260532192e-01
1.248701204563691824e+00
-1.628916273123433012e+00
-2.297440276918442770e+00
8.295711063760212722e-01
-5.353439143259493882e+00
-1.842504832338122123e+00
-1.157571509879951055e+00
-2.176738467876195404e+00
-4.431653304198620802e+00
1.844815862704587861e+00
2.625943494424017643e+00
-2.010402911175526608e+00
-1.521657473540402039e+00
2.529744994738321928e+00
2.704338942418015534e+00
-9.986616973419033816e-02
-4.892833471366202919e-02
9.091179065238064183e-01
-2.674890304842929112e+00
-3.321922004152847441e-01
1.503381738171857718e+00
-7.755299775731986367e-01
-1.081775106001509057e+00
-8.630785583755047341e-01
2.255630586591037101e+00
4.186679439078876186e+00
1.665162393819651809e+00
-2.998024867735328058e+00
-1.046803595732229919e+00
4.121563288280286064e-01
1.877693730933883143e-01
3.409091124315510868e+00
1.732805645107444725e+00
7.821134277269736756e-01
-5.936725837239167358e-01
-2.155354583418699566e+00
8.222616140014369357e-01
3.567286466313485338e+00
-1.182905434054008831e+00
2.680655690524639478e+00
-5.676311412999323069e-01
1.008638619440899831e+00
-2.119400917856404831e+00
1.445580544046728977e-01
-2.220939699689823410e+00
6.498461536759660540e+00
-1.046358574592457513e+00
1.786155137222193989e+00
1.070053989749226719e+00
5.281802265647556283e+00
-6.239954172136653598e-01
-5.878747103073953678e-02
4.451092731049714146e+00
-1.505709093208989158e+00
7.817528272918509158e-01
-5.852192326162531932e-01
-3.461222014274249137e+00
-3.409234802088251914e+00
-3.300870275560856992e+00
-1.709565366763572181e+00
-1.524664613012810754e+00
3.399448567509377739e-02
1.059981958035883798e+00
1.318317888644881197e+00
-1.329132444829040693e+00
-2.761663654137210266e-01
-5.042010643629759592e+00
7.122167067628421222e+00
9.790538085590455575e-01
1.818279621566673887e+00
4.516079891732305285e-01
2.902366770518497674e+00
-1.046535309267486058e+00
2.839854930715564052e+00
2.157204049961988224e-01
1.726008761541659497e+00
-3.647679356584503929e-01
1.731576997178819521e+00
-2.020328551413423046e+00
-1.499278541207287763e+00
2.942297486599286582e+00
3.631690656980079979e+00
8.445816200989914035e-01
1.011478514187206468e+00
-9.724129398124620183e-01
1.327465139416243778e+00
1.233563637382574019e+00
-3.763707960300990862e+00
-8.564396397119482529e-01
-3.717933044276835908e+00
-2.520121166201791940e-01
-3.721417094984612817e+00
3.661640027432011557e+00
-2.663001147723666195e-02
-6.654640604333479370e-01
-1.857225678344264663e+00
-3.459803177527107643e+00
-9.363313596485711710e-01
2.077701022508544881e-03
-3.829916947491049384e-01
7.457997170994160596e-01
3.337983903225369975e-01
1.695562263482682575e+00
-4.144124159190576862e+00
7.369765193987801721e-01
1.333527745938402287e+00
-2.278602061081058672e+00
-2.086243889460287271e+00
-2.950659192936032849e+00
-2.496972755406758893e+00
2.775691013948599295e+00
1.306357378912438749e+00
-1.867027781785138396e+00
-2.554887439717148379e+00
-2.536073937493315000e-01
2.782516329042816761e+00
1.178681039956342991e+00
-1.558750959257235724e-01
5.480855897319172332e-01
3.523108796337237614e+00
8.232155230054690742e-01
2.965416972913213378e+00
-2.027071370971336606e+00
1.177391265958611655e+00
1.241847219680911885e-01
2.724633842543191076e+00
1.746938514513200369e+00
-1.096038035697625146e+00
-1.180016993289884353e-01
-1.797911574371537036e+00
-4.434855151625524128e-01
2.111247986700437007e+00
-1.507097244263770675e+00
-2.441304511588437531e+00
