-5.893342642378769369e-01
7.113956758734894803e-02
7.449997453861416652e-01
-2.670084301592589027e-01
9.935234345858284799e-01
-3.833911058125708538e-01
2.393257400762124620e-01
7.063191329920462391e-02
-7.057492554364958037e-02
1.127143947342388181e-01
-6.603917377921222354e-01
-9.009130324224307734e-03
-3.395925686726963821e-01
4.193711852802865514e-01
1.001873164504434088e+00
-8.185296522198841629e-01
7.248594183542216296e-01
4.427889098356305730e-01
2.445808512970796267e-01
-2.396426826001382127e-01
-4.378204560071335960e-01
-1.918000813655696690e-01
1.504290589615553397e+00
7.721727579359555227e-02
5.152675701386089102e-01
3.824043702372625364e-01
-3.934157632516134262e-01
3.439140309038427046e-01
-3.924982801900755991e-02
-1.092938715672970185e+00
4.361406261064534329e-01
1.014367493262725128e+00
3.058151894267321924e-01
6.245321372546253774e-02
1.549405522329691198e+00
1.072031155347140524e-01
-6.401319620393543242e-02
-3.135350769629693390e-01
5.986989271974684224e-01
-1.205727090688951259e-01
1.017410170723549723e-01
8.913959770118319303e-01
-9.209552748530751287e-02
-1.010948209001500508e+00
8.778288987957303391e-01
-1.107064052401745408e-01
6.632941165419006246e-01
5.513513153877663830e-01
1.774448707525115021e-01
-1.345848365367216873e-02
-2.046345828374143416e-01
-7.768902409425041400e-01
-3.269896814161815102e-01
-2.661587623504186872e-01
7.453604288730218963e-01
-8.256466025704003453e-01
-1.969335770387288242e-01
-8.490826966033590550e-02
1.132729396401553901e-01
-6.752204551241403063e-02
-3.035534295248501491e-01
4.794025263441949875e-02
4.172715700396454896e-01
-3.854545771614207861e-01
-8.207924441810893201e-01
4.484873227067793788e-01
1.305970017617090972e+00
2.399775467676255880e-01
-3.266531854796248524e-01
-9.543853868520445483e-01
2.072648485367261928e-01
5.414516673614484799e-02
2.130600844489849433e-01
1.636764398723451197e-01
2.520312447154525737e-01
-2.025948828263195167e-01
-8.848057832917750609e-01
-7.242480390018483927e-02
-2.786509453110305179e-01
-4.350736817771102549e-01
2.498131747698425220e-01
1.076155713301416433e-01
-1.032396641307384288e-01
-6.449026769354466726e-01
4.515779138043723301e-03
1.762128894759080674e-02
3.014149917475615892e-01
1.313918341237764811e-02
-8.536600383664129099e-01
-6.386655643460540377e-01
5.748933476878933524e-01
1.088404417298407742e-02
3.706007208959219423e-01
8.831289297557026741e-01
-5.156947802099434153e-01
-1.453451189263471055e-01
5.361986339818570757e-01
-4.665278436749020208e-01
5.612986791931284802e-02
-6.246317367890726058e-02
8.360203681884532667e-01
4.298273923951062003e-01
-1.185369456041301672e-01
-2.726162435344923751e-01
-2.310504836835055031e-01
-8.646177360388500599e-01
-9.693375499518775973e-01
5.184817429813027845e-01
1.091662333027211496e+00
-7.234580615133248127e-01
3.742984010961062369e-01
-3.995515817393395785e-01
7.220382339194300614e-02
-1.357074299896141312e-01
-7.556126193654918444e-01
-1.070415222828297319e-01
-1.123553835264672784e+00
5.988869176375264392e-01
2.869092629717984733e-01
2.318939759607947099e-02
1.848175623968429937e-01
-6.894628382234179176e-01
-2.118623311282949798e-02
-5.281178750663249044e-01
-3.925472225861606490e-01
6.816408914493220228e-02
5.152785690962803367e-01
-1.497756701915962108e-01
-9.001740316141610965e-01
1.872382831581815843e-01
-1.507920592713087038e-01
1.218605478260453179e+00
6.037189751526905734e-01
8.882066668788092256e-01
-3.571669468216594479e-01
3.246974250845373333e-02
9.924880117503368515e-01
1.488169640745576339e-01
-1.075901782029260012e+00
2.840338788860969493e-02
-2.255364742473430287e-02
-1.694335108238723409e-01
-5.305013084567519188e-01
6.126020906425444501e-02
6.352020046766035932e-01
-1.963619794507721894e-02
6.613825526245542541e-01
-4.128229114987271853e-01
-9.267123460055318729e-01
-2.157183391085456051e-02
2.249594454192898885e-01
1.703787738758936188e+00
-3.164780405197352153e-01
1.472887621655540213e+00
-5.231176874984406755e-01
-2.290489641843440893e-01
-5.288025464254939578e-01
-2.372044151914768362e-01
-5.239437664253235871e-01
1.042419504898393773e-01
3.248878491380267630e-01
-2.932544319897343876e-01
-9.294406748220888081e-01
-9.526183296337207285e-01
-4.033215581409618777e-02
-8.973512944662795920e-01
-8.054950339659826541e-01
2.158489289632325170e-01
6.314856482720567765e-01
-4.574070280542333888e-01
-4.591760110777377002e-01
2.473328515448070530e-01
2.884695311957928276e-01
7.602744599137347681e-01
8.111988679221804333e-01
6.690409973087340090e-01
-2.450567369086528377e-02
3.446801505669916388e-01
4.551090813105215238e-01
-4.017248178928835012e-01
6.262524028160223466e-01
9.312429588883303078e-02
-2.527555233479560348e-01
-1.517723555031252447e+00
-1.454039350713241530e-01
3.383337187844508986e-01
2.720270609114094906e-01
3.641980846231399754e-02
2.751654596278440557e-01
1.393149678702310545e+00
-3.736874777957543969e-01
-1.256512995069682948e+00
1.743205101934415246e-01
-3.561438484557705175e-01
-7.543877468184478907e-02
-1.596001432092897798e-01
-3.400360598466370954e-01
-4.316103960082282032e-01
-6.913670067625991011e-01
3.040004437346165989e-01
1.185139706886324307e+00
-5.546599469815541861e-01
-1.016202823372725078e-01
1.169831963400421310e-01
1.467148432266293323e+00
-3.690951754973975651e-02
1.629933817933493512e-01
3.208021624981481357e-01
2.161115615293784931e-01
-2.072247628569008071e-01
-6.756876610959728913e-01
5.690505137902124311e-01
-6.633177908876479734e-01
-7.383076338221138402e-01
-4.477763530270934544e-01
3.258558176395929262e-01
-9.089509587003777313e-02
8.841308768922871986e-01
7.151393282574853849e-01
-3.624684929158141777e-01
-8.247861321970963167e-02
9.068254190741121823e-01
9.700569193500656606e-01
-6.858420931481302718e-01
1.752658267981182516e-01
-7.847238233197949553e-01
3.241502946037209676e-01
7.108887734321005236e-02
5.504631177595948888e-01
9.309115371760299240e-01
1.054885381272508971e+00
-5.820175302417870400e-01
8.506452537918830492e-01
-5.872402022585732073e-01
3.773774360158387298e-01
7.395528889691750374e-01
-8.451819044933617242e-01
4.733570247505708983e-01
1.225560657423346300e-01
-7.299303062413025067e-01
-5.467213311027141476e-01
9.349156757871729395e-01
-1.764898406594396452e+00
-3.684367512251787713e-01
1.366913169872724820e+00
4.287428349904164882e-01
-3.368245329239862862e-01
5.227148176099829513e-01
9.683190042327521896e-02
6.482031203823812593e-01
-1.722536830595425561e-01
-5.648094512026639036e-01
-5.469604079599323931e-01
6.030692066828386988e-01
3.116111283085136185e-01
-1.497264362795333592e-01
3.734533909804462620e-02
-2.866920234657669986e-01
-6.711925514301032569e-01
-1.517046376987278566e-01
-8.604181642042149081e-01
4.734796918139565491e-01
6.057145997226562883e-01
4.138639896100209659e-01
-1.959626113620598575e+00
-3.945933411645525801e-01
5.753909760757084380e-01
-2.577171352664540116e-01
5.061764416604170869e-01
-1.015832474452072587e+00
-6.189409694240110005e-01
-1.142099703781848524e-01
1.187507712153939993e-01
1.356154738910659407e+00
-6.608193268965917300e-01
-1.615115879777487273e-01
-7.804748499782391269e-01
-5.965709381715927906e-01
-8.232727143294976679e-02
-7.304056379883658856e-01
3.834305316468045732e-01
6.641788008156057632e-02
6.330861244819749323e-02
-1.610919514035584754e-01
5.593559976662789701e-01
3.260682267956738767e-01
2.044485971814962166e+00
4.709352966507532323e-02
-2.099281286516962441e-01
-2.197433032014375620e-01
-2.929755533216175101e-01
2.078574175722190109e-01
5.030865597137353928e-01
-1.042076782527759482e+00
1.185952933574822843e-01
-3.173792054650430294e-02
-6.541459372314150089e-01
9.995870003875755305e-01
9.246139415650708737e-02
1.592271223831829077e-02
2.991139222726003563e-02
1.186952685743035030e+00
5.018409918101360834e-01
8.658316231017769704e-01
1.285403161085794943e-01
3.781696189885241921e-01
-9.149833343450154421e-01
8.755840801283006902e-01
8.350115516724621045e-01
-8.358728929460967905e-01
1.940969696613255024e-01
1.157344857605651089e+00
2.184640963410041103e-01
-6.114287026027148686e-01
7.106730343816676232e-01
1.943166416129710194e-04
2.743374927251698292e-01
-1.586437155354289974e+00
5.601542309605043179e-01
-5.777938617744251548e-01
-4.328671049814630245e-01
3.503960742459161226e-01
2.671016735613647164e-01
4.953801066542995457e-01
-3.542048612623430182e-05
1.979445750152215300e-01
-5.938716123641776257e-01
-1.081137385463735612e+00
3.893941763864112171e-01
3.420374811564873552e-01
-3.065767597841890235e-01
5.544607537972451317e-01
-7.084824047619089904e-02
-3.552956361457033085e-01
-4.196775936944105445e-01
3.940566166182481872e-02
-3.553294247850642962e-01
-8.888500350166990138e-01
6.856487232865918768e-01
-3.430117543903571375e-01
3.408787935843115013e-01
2.519717180220931718e-01
-8.777895410617817529e-01
4.194371152320294782e-01
-4.058911727918435020e-01
9.818363362451513199e-01
-8.162712903876434556e-03
9.670714655987669439e-02
-1.710014527520548611e-01
4.918916916346296464e-01
-4.101788525884308978e-01
4.607323723525688086e-01
-7.271474992842529017e-02
-3.245323260786473485e-01
-7.865915724541268084e-01
-2.564884276841825073e-01
-2.853343484659367005e-02
-6.801054877652858988e-01
6.097988060630468027e-02
-1.035185785383879953e+00
-7.972588050483901678e-02
-1.316758787259798558e+00
-4.700790059621825501e-01
-4.714771814240472647e-01
1.059186866129641746e+00
2.986707806680151678e-01
-2.391161795481640817e-01
2.776177663801414619e-01
-2.007438519094492946e-01
1.722620375146211302e-01
6.443329220226509113e-01
-2.576865391231378255e-01
4.555805448429994242e-01
-5.674110048903847903e-02
1.111026707671707525e+00
5.320560786452992463e-01
-6.246619994708448725e-02
-1.012083718318580239e+00
-3.434456268759344955e-02
-5.294149310067275405e-01
9.427113282099062186e-01
1.112829712206991228e+00
-6.840414195363059280e-01
-5.377014014482422999e-01
1.539919923657367740e+00
5.448965986294603825e-01
7.947774507280196410e-01
1.092920114091164019e-01
-1.596806632536377502e-01
2.939193160719572595e-01
-4.537283756427864523e-01
-3.125752585022975594e-02
7.053249155048388896e-01
2.592938369327031922e-01
-6.707180277335571539e-01
2.750504062053229018e-02
3.479684666004548288e-01
2.057362066604233042e-01
5.514560180341550044e-01
2.094575289100477078e-01
