-2.698488879998742901e-03
4.556512952260349802e-02
-1.442359401603529601e-02
4.902491648043825340e-02
5.832774055090774595e-03
6.247382006395831022e-02
3.989081491410725877e-02
-7.705745783719643305e-02
4.107717569606886970e-02
3.560884308195786524e-02
-7.210751027052885592e-03
-1.922557432594024229e-02
1.866509012466875672e-02
3.354226227705679741e-02
1.454364388450863493e-02
4.468486278041037402e-02
-3.427400331996181826e-02
1.885305005825346422e-02
4.519915877199635890e-02
2.106122754152979157e-02
-3.184971474312719292e-03
-2.887381442301797246e-03
9.328726674235769678e-02
6.361645588312737909e-02
3.930387227929041383e-02
4.268303172039378257e-02
3.264000658380342840e-03
7.273838948815920802e-02
-3.968686427277584583e-02
2.033235996199463450e-02
-1.402123790450526472e-02
1.625233370840567515e-02
3.162289972641134372e-02
5.360071792356869286e-02
4.991702429417237130e-02
3.540031956382956591e-02
5.976634905588296132e-02
8.584722806475908463e-02
3.502682599540856562e-02
3.232438649279634202e-05
4.674233037651634448e-02
1.749399982681197271e-02
4.286263317398222861e-02
6.032475123210392920e-02
8.025709337382036512e-02
5.791503762576293707e-02
1.293643424530409661e-02
6.811458924993939179e-02
7.729954681688076812e-02
1.083910043320812644e-02
2.914277951909129485e-02
2.271912844200142667e-02
2.053924195914764994e-02
-1.874720206604300887e-02
3.893974622449031253e-02
9.719873529960479375e-02
-1.869057076715176235e-02
6.436167509368187489e-02
4.341110100657963322e-03
2.721850976062336475e-03
3.897648225473467065e-02
7.699381669907134906e-03
4.877543696990900568e-02
6.781240922281728256e-02
2.609375267608459933e-02
-1.697646021871487831e-02
2.279770752303418233e-02
3.791411321521490074e-02
-3.502230320909169303e-03
3.752972345510470487e-02
-3.846814566738317176e-02
-6.483422526047402656e-03
9.311603460873053156e-03
6.628121093283420584e-02
4.574597581024450466e-02
1.078140759597381870e-02
4.944008535540209137e-02
2.007613780312393972e-02
3.149712203619351586e-02
-9.540723085904423417e-03
1.704505666396811253e-02
-3.409230652304703901e-02
3.563362064053039735e-02
9.139466729464530703e-02
4.024169947106853718e-02
1.492073708112432937e-02
4.366478035042840877e-02
2.734248182225431159e-02
-4.625817191952579649e-03
9.384658675468254829e-04
9.777186839756729642e-03
3.032908157731925916e-02
6.097840255239826701e-02
1.920402909053099683e-02
-1.681908403611886288e-02
-1.851876947512202942e-02
2.048972204871550573e-02
-1.693932516107044678e-03
-2.961003465534232937e-03
3.156151037169777074e-02
2.306576744018315472e-02
6.306771625566515160e-02
-2.251040268463469496e-02
2.998612489696689601e-02
3.336090813171270486e-02
1.386723947892985753e-03
1.820928676682485869e-02
8.102549117767042508e-02
8.495997511383530931e-03
3.136784669743049314e-03
2.822229649964181492e-02
3.225369544273276601e-02
8.562683430032899667e-02
5.317175346908194211e-02
5.474688552557485655e-02
3.511587484442986462e-02
-3.261218386755165843e-03
3.436543722028904263e-02
3.280244464604821497e-02
5.420705763863331583e-04
-4.393603240419412248e-02
4.261045849159144500e-02
1.952464589573133305e-02
4.385267845392393227e-02
1.689162346250749555e-02
2.257925868483977305e-02
2.916559332056167797e-02
6.089011356465631741e-02
8.231306196489748817e-03
2.957657367069197255e-02
-6.647933650419837748e-03
-2.927658408764646780e-03
4.784153542226062678e-02
-1.450466884176309507e-03
1.786179897408841574e-02
5.893093788742587158e-02
4.202680033046924529e-02
2.268574950470110541e-02
5.178589827923425759e-02
4.744007632715830508e-02
1.035037697197328452e-02
-5.762766803578567298e-03
-8.451785274552554156e-03
1.306650649669790012e-02
-2.663795635644810450e-02
3.062037659992411509e-03
1.031584840973134506e-02
5.155048928787181461e-02
3.530666741933743968e-02
9.193169430867172837e-03
3.594167439919213058e-02
4.641246605839702971e-03
1.587780041616396881e-02
2.174843675751733652e-02
-2.563762083684197057e-02
2.739442557562858302e-02
6.477522408813728844e-03
1.067437545048452799e-02
4.181563248046758080e-02
5.659619215124478409e-02
2.626918383690219141e-02
5.253294852560226602e-02
-4.233210644403326978e-03
3.505331725556383449e-02
3.541395528765318990e-02
4.849985891096728757e-02
-2.373370691038680785e-03
6.662669591422559767e-02
-1.175897534931463068e-02
-1.690867480243715693e-02
2.785037202800973166e-02
1.254419677648840881e-02
1.239456047975165051e-02
3.274337580995274888e-02
1.226160157108543286e-02
-1.253482477665209677e-03
1.294293471674135346e-02
-2.931311513608272912e-03
1.689758938345890804e-02
4.704126157258681912e-02
4.985421776260135635e-02
-2.322943833114244835e-02
4.422103054331963379e-02
6.399222019178640863e-03
3.600435604190088679e-02
4.132408775407676871e-02
3.853599557611929460e-02
2.211964014196752745e-02
2.120119032182983532e-02
1.235870478826065280e-02
5.858582684155227982e-02
-1.699401372821271114e-02
-2.749408789059843219e-02
3.666197255090822976e-02
-4.413734492349247196e-03
-3.020501408423957590e-02
5.632087806939785335e-02
1.960232505117985927e-02
8.393410296140560445e-03
4.241005744473722028e-02
2.846733506662349825e-02
6.541335202193859777e-02
4.377634250824929268e-02
6.198294756259797866e-03
1.456106432039173601e-02
3.444366055836265567e-02
5.454119446500096946e-02
1.428920964763145951e-02
5.232727630371407368e-03
7.499305146544687356e-03
3.080534925442133046e-02
3.484573134673551315e-02
1.473995218414150127e-02
3.823752495133009299e-02
-2.971547680311052014e-03
4.408678553599939404e-02
4.022968673409013651e-02
-1.288960697162243318e-02
2.898303731358890106e-02
5.645726715174886196e-02
1.174390632764340386e-01
1.994084315649916408e-02
3.853705877577752459e-02
-9.508202246681019681e-03
-3.008875975940853917e-02
3.451968338282048604e-02
-1.138279424527829584e-02
3.155746437313068642e-03
1.719288176740553162e-02
2.222412431328492713e-02
5.034887952794375732e-02
-1.291034806849692199e-02
2.656426707071642482e-02
2.560211749947009785e-02
3.239729939424743077e-03
2.987978469849119842e-02
6.856379153705570439e-02
4.952662592013878928e-02
3.462429209500693383e-02
1.804653512369301313e-02
5.084715140026783986e-02
9.733105640074429799e-04
-1.195844498668095432e-02
4.933568856385767143e-02
4.516795068187064166e-02
3.965946582815748495e-02
8.200863817371729925e-02
7.947117924297550373e-02
3.198898337759717436e-02
8.031342190515544655e-02
1.910980288035172767e-02
-4.130870023290622584e-02
-2.885047502268623873e-02
4.088022954183705149e-02
2.750687069571957841e-02
-2.913049707492388132e-02
-5.632491303796352544e-03
3.020209160805081144e-02
5.212069327980359268e-02
7.895382352191750858e-03
3.547658935708770250e-02
1.542193450837757440e-02
-1.336696125463241250e-02
1.664108679477073124e-02
-8.367986302640073593e-03
5.894224355313566754e-02
2.809674430549760626e-02
7.616346867728537862e-02
4.545027150769636454e-02
7.975126353730047080e-02
5.163878628080747352e-02
-1.086672983451315161e-02
8.356221555030855785e-02
7.796821065788514526e-02
3.180816830211714852e-02
5.937969512191949850e-02
-1.110714951524982563e-02
1.179398304370693484e-03
5.351067267554173584e-02
9.205094258127141660e-03
9.707516194493889111e-03
-2.913750397153523630e-02
5.160883644674291171e-02
-1.846392675585429438e-02
-1.799144851807857326e-02
6.846482078080437517e-02
4.102934931492403098e-02
3.944301738972498528e-02
2.686340334638399191e-02
-2.176975837224742055e-02
-1.502355869380004108e-02
5.402727975244185632e-02
1.497116012595035850e-02
-1.310751859163614141e-03
1.513344977382006379e-02
-2.686084008358928174e-02
3.445106506757486531e-04
2.738074487818890207e-02
3.637813323519729219e-02
5.961784032731271693e-02
2.649563200612228137e-02
-3.805298341933587708e-03
1.067361731481459783e-02
6.947981076904224951e-04
-2.242896365196144978e-02
1.092686643132395469e-01
-3.196746194595017493e-03
-2.283799086458021890e-02
-7.110039682259733373e-04
-2.317228150349063057e-02
4.877376991801977285e-02
4.678176836603902683e-02
3.684875567280545411e-02
1.166578675150271513e-02
-2.898123007863517842e-03
7.640860503259962189e-02
4.711704830696383101e-02
1.514911573151985630e-02
3.644115602700691292e-02
2.930742254370879984e-02
1.147595909495579061e-02
-2.426680377432891347e-02
-6.098274868043169344e-03
5.879239003535825792e-02
2.027622021311370829e-02
1.374851019626619625e-02
1.095002487184042889e-02
-3.787485235605295847e-02
-1.017888174389140060e-02
5.592149703016129070e-03
2.331143059599112208e-02
2.618689724926712842e-03
2.285490401082448594e-02
5.062665346450466453e-02
6.695536399498637492e-03
1.129437387852606778e-01
-8.122185379658437149e-03
5.339868398440643371e-02
1.908223615741112475e-02
1.208823648627014441e-02
3.164061211917684052e-02
3.363510875168795877e-02
2.293263944855289047e-02
1.807027323338251598e-02
-2.625370992780247034e-02
-1.281539681487658608e-02
6.753404950065267087e-03
2.798443809799104620e-02
9.666980376992186097e-03
3.489044837957278045e-02
-1.667623097848059538e-02
8.132503521711777206e-02
1.347814465783814947e-02
2.444444566018698708e-02
-3.944941917598854958e-03
6.069445872680129250e-03
3.157528123135281556e-02
1.878398307347263138e-02
4.702041671755267938e-02
6.908110170105065395e-02
2.649438292152298674e-02
2.376245945741240276e-02
2.253677412731493884e-02
9.699267584000911130e-03
3.830353020048057888e-02
2.187283691846604941e-02
-2.076211853148004702e-02
3.197586106750873597e-02
5.909268486825802746e-02
2.849468179119609909e-02
1.218952430284353100e-01
5.479986974741058586e-02
3.657908317129650311e-02
1.005206605585726512e-02
3.158042051702303343e-02
1.931689214436319024e-02
-3.209399985754422813e-02
6.066323966411449331e-02
-1.308337471433602267e-02
6.847852701644085993e-02
8.052018802852956014e-02
5.466761269928160916e-02
7.948779664875095519e-02
8.003187752060933469e-02
6.840390217435610154e-02
1.959069129582440699e-02
2.147407118826690636e-02
2.014547357603514027e-02
1.316844857598695184e-02
6.906144878423758904e-02
1.056274848933133961e-02
4.838508304441049845e-02
3.833237474714670107e-03
2.823455314956735754e-02
-2.414235014825841241e-02
-1.020411081409400636e-02
1.430005405579001451e-02
3.543332767768685165e-03
7.999090544593027291e-03
3.386887354257100968e-05
