1.675788247535877074e-01
3.111694067795741508e-02
-9.376677039292097282e-02
2.103847606068168230e-02
-5.643996713829334266e-02
6.908274911085462988e-02
2.260762136438997927e-01
2.744577005340410047e-01
9.413639022241780674e-02
4.677107107855852514e-02
-7.997444168851829127e-02
1.473183041981077634e-01
1.873803800409025722e-01
1.277987393686641771e-01
4.909390662665882865e-02
1.698939507995235187e-01
1.125567090357007666e-01
7.871635246605800107e-02
1.340437246338678223e-01
5.216718216063965380e-02
-1.289751059230550556e-01
-1.414896103583481168e-01
-6.569346852911193968e-02
6.107270228429587111e-02
6.332062872001147091e-02
7.892788987794625843e-02
1.190946078494225513e-01
9.716286663345755081e-02
-9.949432901868081325e-03
-6.841856809324894928e-02
3.746983935442860930e-02
1.871665763366182067e-01
-3.594890520331704697e-03
7.840252357295532382e-02
7.987367987568322336e-02
-1.339342552998032398e-01
-4.795774046673346308e-02
1.771594776659954351e-01
-3.766723275964416889e-02
7.490176537876752638e-02
3.888478660463454140e-01
2.181714036817334890e-01
-1.123168345776536653e-02
1.265952615009732773e-01
1.777137699399803927e-01
1.991446411903749492e-01
3.239699611086128278e-02
3.897295861699266728e-02
1.143392824127360680e-01
1.444531431114797759e-01
1.592325483531016606e-01
-2.478812979118422827e-02
-2.493559005829507069e-02
1.268811644661694549e-01
-1.291767767741585360e-01
-1.303278298870403917e-01
1.964673875901105649e-01
-9.247153989454609535e-03
-7.948200682363792957e-02
-2.827414767439250659e-02
-3.490747969543301493e-02
3.485963856749586531e-01
-9.466784299715133577e-02
2.227472561550714325e-01
1.468710616924363832e-03
-1.033622046717336262e-01
2.278173471122124649e-02
1.609457942382763185e-01
8.463950640154051241e-02
7.459904606432159191e-02
2.172419909503510160e-01
2.463199687224811724e-02
1.721603426675424875e-02
-2.592789269935583119e-01
1.229746432467351547e-01
-1.446377432003228547e-01
6.222173600578397717e-02
-5.631524883942889970e-03
-6.431202169653832401e-02
-2.005700460272125119e-02
1.422371605623704016e-01
1.870305569323388595e-01
7.045081602931724252e-02
1.010816185404792844e-01
1.548719685972489712e-01
3.894073776895462524e-02
-2.434385509374671630e-03
1.995635376705434672e-01
9.951551674969359718e-02
1.107416224939879457e-01
1.637352844496463566e-01
1.571880859713767620e-01
1.992804565471677780e-01
4.461294738228933215e-02
-5.082753527391924847e-02
6.859592566060050689e-02
-2.005844061365260472e-02
1.381006919812444167e-01
7.056298961591421504e-02
4.264325073766702529e-02
-8.778632624754567626e-02
1.281871350364016671e-02
3.080171588908989233e-02
4.807111799240289945e-02
2.078363896795760168e-01
1.502879659178001370e-01
1.285711105719756497e-01
-5.661053902040845409e-02
7.346887551820388551e-02
1.120470390498017887e-01
9.573355938731087367e-02
8.577592885578400050e-02
4.200234783794873361e-03
-4.619866572464007004e-02
4.900046608695225042e-02
-3.149643866629334849e-02
2.393920917112130065e-04
-9.660216928182868701e-02
2.525506865002163925e-02
-8.568399940793977598e-02
1.220194353992202357e-02
8.791173389656503634e-02
-4.867144522900528764e-02
-3.903359654309147830e-02
7.166147586441494466e-02
-5.606217807295170441e-02
6.827372281808213872e-03
-2.638236320749286906e-02
-6.136078880757660919e-02
1.832845196712812041e-01
-1.380480054826707104e-01
2.222558632956691538e-01
-1.937868115610637265e-02
1.101691732432367454e-01
1.413872165301151285e-01
-1.357712557324559227e-02
-9.580607546348514358e-02
-1.719645933077321859e-02
3.848162545628481396e-02
-1.482333086430719093e-02
3.030565251732456750e-02
2.451698436192782105e-01
-1.007622177126126645e-02
-2.312715885258457421e-02
9.866634133756538305e-02
-3.048861076788234037e-02
6.959913308665116594e-02
2.721426480421385574e-01
3.697506802087784789e-02
6.500849295104936532e-03
1.621132002031605013e-01
1.773831337007100023e-02
-8.632183379713616322e-03
1.822153922439405105e-01
3.499882450792385358e-03
1.350424933033664843e-01
-8.675483538104322712e-02
2.327649683947188575e-01
-1.762594640650103073e-01
-3.707002163164367647e-02
-6.573084988082981972e-02
9.480747352117273319e-02
1.623455863973691238e-02
1.026664488895184940e-01
1.624990027404359383e-01
-1.074814209228299455e-01
8.548533563576707350e-02
-2.996254973225185442e-02
1.189937800559516257e-01
3.078603149091890812e-03
5.290638978249659341e-02
-1.689419052821129197e-01
2.061094673276753775e-01
1.809721862337947962e-01
-1.115486269209700898e-01
2.152468250111348735e-01
-8.086820068722543053e-02
-5.325807360992426687e-02
-5.574412357095900883e-02
9.585037103107213463e-02
1.011225106841932148e-02
3.391874777195440227e-02
-6.607385098098868259e-02
6.845467951565736842e-02
1.709560190272573499e-01
5.140522691374244807e-02
1.369175913184025317e-01
-2.932355673386947970e-02
1.297565985284992729e-01
-1.592651955374353723e-01
1.132886446189760310e-01
-1.304889093347495060e-02
6.381087547314556740e-02
1.418296999780346013e-01
-7.985705975015691682e-02
1.973003432247316113e-01
7.535698683277519683e-02
1.295285984908276511e-01
2.312039681503823829e-01
-2.674269896551288994e-01
3.206639065383595777e-02
2.203297480703997058e-01
2.651194702345250898e-01
-2.664231549995080273e-04
-6.564685811405918114e-02
-3.478133973962026226e-02
-7.920241962233733057e-02
1.031978797774144030e-01
5.008311743784847614e-03
-9.710251366079380997e-02
-4.213730464561617206e-02
1.447838020812997339e-01
8.289263273474756222e-02
1.309310398026684030e-01
2.572113945088035925e-01
6.623203716956453657e-02
1.123162702363592474e-01
9.922560915029554618e-02
1.762428448110223977e-01
8.387231382432042137e-02
5.129880704294884075e-02
1.804686625542830658e-01
8.317729975447771262e-02
5.393244257380842149e-02
-3.017244250044398557e-02
-8.222442798223152105e-02
4.041655818061544447e-02
-9.196572712156497742e-02
-1.419874180709510547e-01
8.498951430656286055e-02
2.303756915462468885e-02
8.266028724181501142e-03
1.354756071804145284e-02
-5.965294194766872227e-02
8.825113415081456414e-02
2.367664778075641574e-01
1.406653807710704085e-01
-4.926845473447033497e-01
-1.509490566033769299e-01
2.048755886248328217e-01
1.005622062885578871e-01
9.561944994916023177e-02
6.311516482138768147e-02
8.362176292009729228e-02
1.028792884769067634e-02
-4.894456963786111142e-02
6.574135186858734436e-02
8.685379429306742949e-02
3.212038138913138330e-03
1.616244885826916833e-01
1.997115962127563316e-01
1.197489190767455913e-01
-5.956942940468105963e-03
4.184359829809642523e-02
1.853958800098411963e-01
5.969914309752362425e-02
-6.566310568384095547e-02
9.687796940461620987e-02
4.633684079772740910e-02
-2.321973974987735778e-02
6.014009135570827502e-02
-5.228935970039779585e-02
3.083045272978083423e-02
1.379490264681902389e-01
6.798783938076813360e-02
9.694965700978468159e-02
5.693627526083103185e-02
-7.051532913036842598e-02
2.436503767598684478e-01
4.354955339358546756e-02
1.901229081763023965e-01
1.546779637765062221e-01
4.425571664524798055e-02
-8.936284599205759904e-02
-2.515930938329442590e-01
-1.037800768385479383e-01
-3.462426941614321629e-02
-7.747082943976045522e-02
4.078716976027665919e-02
-1.382973623445654943e-01
-3.307629589350284671e-02
2.057309809519174693e-01
-1.878659014536453176e-03
1.983425217329457257e-01
9.744601245302830783e-02
-2.859544200538952780e-02
1.269075149358180887e-01
-5.230442701701157326e-04
1.446396708623893801e-01
-6.451374935261749988e-02
-5.344403537009927152e-03
-1.382796665273393344e-02
-5.867542721114343829e-02
-1.584327294759672322e-01
6.458251719653021472e-02
-1.310738878381095818e-02
5.390628991846683343e-02
-4.833950916309773943e-02
-8.180827123884680530e-02
5.546665077718869463e-02
9.809465259202578002e-02
-1.402524870287563952e-01
1.550557300786167825e-01
9.990796430632298275e-02
4.810777900622538461e-02
7.787915059258360140e-02
4.773445273067373346e-02
-5.331806970289525160e-02
-3.986024684875732332e-02
1.843886603126135976e-02
1.192311435544100295e-01
1.071513024115976209e-01
-3.832082915588480576e-02
1.975039094586170385e-01
-1.827909134118269052e-02
1.746024321794185097e-01
1.341308339888244439e-01
-1.752695110944564594e-02
-4.102497454580687763e-02
2.499737333018554192e-02
2.490499667918547044e-02
7.324784203161004148e-02
1.980434152608967491e-02
-1.283550287515315413e-01
-2.735258697525273786e-02
1.276977013741195099e-01
-3.966710493541329013e-02
2.478955654976128936e-02
-7.496874959619920231e-02
1.133010596809600201e-01
1.352405948408320624e-01
1.648473824654525244e-01
-5.848277470822952490e-02
1.294808399831584855e-01
-1.074678216497025329e-01
1.977456441402838661e-01
9.893954428210210983e-02
1.251438411190628486e-01
3.938670053528861570e-02
2.239218024556462738e-01
1.050631486061073400e-01
5.801511711182412434e-02
8.692845329637102769e-02
1.027357094301524637e-01
-1.376563818643072312e-01
-9.898452181216597923e-02
1.122210316646687911e-01
9.018445431675486956e-02
1.645956794204661566e-01
-1.057205926818731989e-01
1.150764252120385078e-01
2.952428857465674850e-03
-5.074110833017381889e-02
3.567010652489828459e-03
1.269458065233439736e-01
4.783168964806438356e-02
-1.413300521492580064e-01
-2.222027063467972019e-01
2.094854077144319565e-02
7.467351306473454797e-02
-1.718563953737746453e-02
-3.616048632932893775e-02
8.522459404935525673e-02
7.917188893082041656e-02
-9.675789075490046076e-02
-1.341259381084311531e-01
1.033679253362307648e-01
-5.324211047364697802e-02
-1.954436527124875367e-01
1.551910826137106458e-01
-1.190065381798138811e-02
-1.019262366982542217e-02
7.387315137731394199e-02
-1.010302051321590733e-01
-1.636555226290024034e-01
-4.239527487746396622e-02
-1.024661511357233268e-02
1.771771391855576638e-01
1.507022802253084603e-01
-5.898254624573669169e-02
5.358902118356193012e-02
-7.153801914548607588e-02
1.613963631098414842e-01
-8.387371128692025501e-02
6.444382022699754464e-02
-4.517951403163884133e-02
2.645186663009544553e-02
4.096483169511128120e-02
-3.464130082885879397e-02
1.688811252885333292e-01
2.104987493651136743e-01
-1.396624195855310779e-01
2.216007951297292722e-02
1.379822503754257745e-01
1.000101191468751732e-02
6.990461857702913451e-02
-4.633097630473359541e-02
-9.003594484114378627e-02
4.410894628458879307e-02
1.291322353749558005e-01
