1.561027337733179587e-01
3.542522650711212723e-02
-8.094418726785297669e-02
3.020441863999803050e-02
-1.220205935349411019e-03
7.203836826028081619e-02
2.225506870200653631e-01
2.759164655456724513e-01
6.952568232768857603e-02
3.210163112307374417e-02
-7.227115234574901792e-02
1.298265347146084492e-01
1.523361284772881685e-01
1.098433884584684994e-01
9.421425516468590056e-02
1.875796025632354147e-01
1.209131632721244243e-01
8.027126721597815928e-02
1.448398704606577714e-01
2.734474803316587488e-02
-1.446710843690536819e-01
-1.362959167708215624e-01
-5.151831143192404233e-02
7.133678993008490954e-02
6.404827102465093791e-02
5.006602188678865167e-02
9.637988368931339755e-02
9.897269678212278210e-02
-4.710872801342798344e-02
-8.597200728139495207e-02
3.609351461468957717e-02
1.746820500102910234e-01
-1.151225659023340231e-02
8.131617827536408161e-02
1.007643761697439855e-01
-1.356436846800219420e-01
-4.099479455444195869e-02
1.936112239808650548e-01
-1.245203055193267599e-02
6.826937142395403391e-02
4.164449749807103696e-01
2.312744728748986900e-01
7.050827742068117854e-03
5.759672465694925386e-02
1.685083715089475964e-01
1.994249462874676526e-01
6.208906833421441035e-02
5.945745997148279421e-02
1.477259651487951575e-01
1.507585925138746341e-01
1.740917903542556489e-01
-4.205649730283061299e-02
-4.953165647451518439e-03
8.680289346831568387e-02
-1.039671747807289076e-01
-1.609857125406138345e-01
1.409443104708411332e-01
1.318012706535255651e-02
-8.890992852751097852e-02
-2.267183874853143793e-02
-3.309623280177607929e-02
3.299824581399198320e-01
-7.681263805525219424e-02
2.346552465929695463e-01
-1.806276871066020417e-03
-1.111958458309602049e-01
7.147834499459745916e-02
1.557092896762369560e-01
8.452962326584767538e-02
1.223161775722402256e-01
2.099804089615678326e-01
2.190485137030565715e-02
-1.648126598877358573e-02
-2.847621939580546879e-01
1.444543515449727977e-01
-1.308631896379440496e-01
9.667974776464005604e-02
2.874714818198266519e-03
-7.125487980500791463e-02
-1.763323353488870093e-02
1.286184218136192103e-01
1.618491231935916541e-01
7.166028407421504154e-02
9.985026347285118342e-02
1.692423169072996281e-01
7.054073202639385420e-03
1.063636486590513464e-02
1.807814703160144088e-01
9.481101138830655417e-02
1.265037903102446126e-01
1.762023493114079631e-01
1.489003358739924288e-01
1.961897848908005226e-01
7.786167995755730042e-02
-6.542103190302386850e-02
5.842710871366316866e-02
-2.278478647468503565e-02
9.908870793864327231e-02
6.099339836170253326e-02
2.681348043575217804e-02
-9.014710879809231803e-02
-2.733855781843788635e-02
4.315791392936364768e-02
5.714384839050713760e-02
1.850037869973477356e-01
1.170269595449351663e-01
1.212372216314359652e-01
-6.520120569914555908e-02
6.757621582632258872e-02
1.306595216759005584e-01
1.125771078132593028e-01
1.003766309977465465e-01
-3.239010574238726514e-03
-2.380079843395632028e-02
5.101823025696177599e-02
-4.744466358084232366e-02
-1.167354473945967502e-02
-9.071048703431741633e-02
4.558555969135189706e-02
-8.875226322150059355e-02
-1.739103251926332749e-03
7.674922484540397383e-02
-4.817317327659087489e-02
-4.453625133658264956e-02
8.042983371399847758e-02
-4.354599214445814548e-02
2.224151293868644602e-02
-2.046077361478643164e-02
-7.524682021616765915e-02
2.388492034173650413e-01
-1.447307562900574662e-01
2.266687846144685159e-01
-1.189750414372710979e-02
6.555820302016589218e-02
1.691962928886818762e-01
7.758017825544957780e-03
-7.832144610252664285e-02
-9.616852781357349000e-03
4.090209146823191311e-02
9.520906304724817415e-03
1.587078408530873813e-02
2.420339644943340918e-01
-2.294427839214142201e-02
-1.461416456555835602e-02
9.584055136623675919e-02
-4.491101337280467565e-02
8.127047743860840723e-02
3.004648463671271141e-01
4.276001100658425452e-02
-7.058970828794648711e-03
1.543634050166353688e-01
2.561207579850922900e-02
-1.752610494335962027e-02
1.683303662760989028e-01
-2.405860245882576742e-02
1.141291290219446364e-01
-8.800474797171087271e-02
2.209249144316484670e-01
-1.962143400643361901e-01
-3.059227373788113435e-02
-7.917482128001235298e-02
8.569075352794272571e-02
5.903176114991220969e-03
1.069036274603141490e-01
2.051851308707117461e-01
-8.866241736654392747e-02
7.706965671024257336e-02
-5.824987174781197374e-02
1.169110240285606561e-01
-2.407850557018720306e-02
5.938315709102466589e-02
-2.088767331774326608e-01
2.108620538009706724e-01
1.518426224838382299e-01
-1.089881717864556177e-01
1.889082631922597011e-01
-9.796768285936281739e-02
-6.679131187810211090e-02
-2.946772100711211873e-02
9.386048915340375332e-02
-1.728726107161496911e-02
4.563628869980081160e-03
-1.383209966255515705e-02
7.908048890202470926e-02
1.513632881366618332e-01
1.056759461831300317e-01
1.697725078719858893e-01
-4.403103352895253175e-03
1.248588453580466717e-01
-1.490144451195297148e-01
1.360571384437212483e-01
8.701562367399148790e-03
5.354305107156762111e-02
1.421613236335499131e-01
-9.494111580406905393e-02
1.902052190544275545e-01
8.299792640357142592e-02
1.292330898098707492e-01
2.222548328111259852e-01
-2.631084324619489268e-01
5.264769251741230338e-02
2.379854803562979071e-01
2.789116689552033068e-01
-2.916517085115814117e-02
-1.940275132579186157e-02
-1.030155864459861986e-02
-7.913199371850904162e-02
1.016614844193810818e-01
1.625412453158038562e-03
-5.706677531933698755e-02
-2.278383481344788825e-02
1.337161681425982629e-01
1.095641308301453232e-01
1.431741177297632950e-01
2.455828420210480201e-01
7.056897015274937734e-02
9.884176573798764132e-02
5.416455936150785938e-02
1.436336942023245244e-01
6.402851328965164512e-02
8.607657092995116277e-02
1.775529834094952131e-01
8.168999527612411105e-02
9.352649294478214415e-02
-5.509101574022309822e-02
-6.814992882306990241e-02
5.068701363061038634e-02
-9.529138287080249348e-02
-1.579259449034337848e-01
9.286914332458015564e-02
1.858466387703895661e-02
1.448338336399695309e-02
1.210896069428148147e-02
-6.953321804763173963e-02
6.812579656894303393e-02
2.248956674786875554e-01
1.519136218350410905e-01
-4.774818004156085038e-01
-1.447988987286577822e-01
2.133763852302649200e-01
1.195530638433855986e-01
1.040727386231588558e-01
3.787479928505283616e-02
9.808849414703807446e-02
1.167265330816278507e-02
-4.794543949021277257e-02
9.112177502980661759e-02
9.656985160116667022e-02
1.346514444940345723e-02
1.541349065564998622e-01
2.327384823506381262e-01
1.072903646867983674e-01
-3.387716128844665830e-02
1.992160800821417277e-02
1.797776943445132392e-01
8.431866952101815804e-02
-6.023893704460368814e-02
8.296814410107543336e-02
6.711322873490635499e-02
-5.646000044845833621e-03
8.391704230874563741e-02
-6.240409472626529813e-02
4.159282580150743674e-02
1.122847486202457890e-01
7.698623994761974454e-02
9.814932314599697505e-02
6.924188025116950751e-02
-6.299647430171775864e-02
2.326034909508049586e-01
5.687398977095188546e-02
2.299614209078912896e-01
1.858658687344282023e-01
3.471637361936220217e-02
-7.417133808131420869e-02
-2.575525164460809036e-01
-9.990377050535143022e-02
-4.077457600106553642e-02
-9.328517683013874684e-02
-4.984567965191394334e-03
-1.415160868255055382e-01
-3.371292524833553045e-02
1.964190798703779883e-01
-1.384708995034678036e-03
2.245969539243991842e-01
7.151825599459465943e-02
-2.562653127999928171e-02
1.202019150941579240e-01
-1.046801499080662196e-02
1.512965891621530501e-01
-6.162562695535464541e-02
4.379474077379083563e-03
-9.445995495806561171e-04
-4.102907309688796911e-02
-1.384626410942022545e-01
3.782208525282500927e-02
-7.387343892822723079e-03
5.486081341453127869e-02
-4.811013765001468517e-02
-8.409139044822552811e-02
4.520913836885469966e-02
1.061564540626440262e-01
-1.097390001434261353e-01
1.431255526849952164e-01
9.629316576513308190e-02
6.175598859136315066e-02
7.255188159029843376e-02
5.746220178494088060e-02
-5.175099853476285150e-02
-3.278404853785643613e-02
6.141033517394908769e-03
1.197032099033701474e-01
1.382947422452700525e-01
-4.520741146717455194e-02
2.242387242366658540e-01
9.541101855334008230e-03
1.870493139171116037e-01
1.303996492240424021e-01
-1.727197812873029065e-02
-1.820030707024026390e-02
1.286271503933155563e-02
4.151312810211164883e-02
7.920773176632864288e-02
5.998246833012740864e-02
-1.402924655119941466e-01
-3.213437978073740292e-02
1.628795853260754101e-01
-5.130582020545563365e-02
-5.768424004792487014e-03
-5.964633953960860047e-02
8.525329539558076930e-02
1.310737138064625995e-01
1.402772875217569437e-01
-4.287222696524484178e-02
1.430409014722511807e-01
-8.843524767227936567e-02
2.083188826558989015e-01
8.462372740847293184e-02
1.376214852477934403e-01
7.322417456891924803e-02
2.135528509020538646e-01
1.359135976059553941e-01
3.978577580251702051e-02
9.805258728572643911e-02
9.451112270258182901e-02
-1.633295764002965222e-01
-9.062375697762925508e-02
1.002338315134249230e-01
1.142404856725275919e-01
1.538339591056217537e-01
-8.248994115871292887e-02
9.749438879706878724e-02
9.074066792287026340e-03
-6.924546868892678120e-02
2.455745410938933032e-02
1.223481261384598284e-01
6.516359542584931885e-02
-1.252645614215841252e-01
-2.632921497786799847e-01
1.008804763486516320e-02
9.820437084082264678e-02
-2.846304742171947705e-02
-4.790584109265968310e-02
9.767778202651639097e-02
7.322487055716506155e-02
-7.407665867560606077e-02
-1.314721362631148249e-01
9.972802717859066690e-02
-5.372071683880672716e-02
-1.988892789784002524e-01
1.442934933137166587e-01
3.692868189005292512e-03
-5.357083329976197739e-02
5.107370439156685982e-02
-9.580257919218893026e-02
-1.504996733856203694e-01
-8.439694614947165774e-02
-2.804598910244754384e-02
1.805879220338950930e-01
1.533942798519708495e-01
-4.436616689516113821e-02
4.142997885858822754e-02
-5.528342441377031430e-02
1.635398048438703733e-01
-6.744218045512230530e-02
9.615849971665432760e-02
-7.269395364802488935e-02
4.940226730868105265e-02
3.477561452667905090e-02
5.940605906392094904e-03
1.625594876452600146e-01
1.643573844940445783e-01
-1.095883144110153529e-01
3.041990796831345323e-02
1.133800621779419843e-01
-6.090216399703390904e-03
3.050756966070641840e-02
-2.298660992719885054e-02
-1.011061506928355447e-01
4.645765760735227207e-02
1.235992032762714549e-01
