-2.383294086787396182e+00
7.768517229824587478e-01
3.684795282669681704e-01
-3.966965959182777168e-01
6.232671137911257597e-01
1.998539564553109660e+00
-5.731667444325465155e+00
-7.389218386196344523e-01
5.109917121641598392e-01
-3.967534431349566848e+00
1.258379158492362704e+00
-7.527746882680025342e-01
1.082074069307432662e+00
-2.998131990623474241e+00
1.338037618935297823e+00
9.216657795186518065e-01
4.386947049422996736e-01
-1.332976801297897640e-01
-2.702462321463037664e+00
2.543150430888367008e+00
-3.348598441320024488e+00
3.025581828891977132e+00
-2.438582230247447136e+00
-2.051562130104684023e+00
2.491888887083456794e+00
-3.363166542588855168e-01
-1.879986707219566844e+00
-1.306752201977615435e+00
2.215998075849749505e+00
2.918921736478521378e+00
-8.080325480759038836e-02
2.503720674839537086e+00
4.639426419576500926e+00
2.173979784329838072e-01
-1.065708595146759752e+00
4.965297319980390256e+00
-3.557847708418638843e-01
1.154218951396998261e+00
2.999291637747397710e-01
-1.365555282743995846e+00
1.693885084624404236e+00
2.172413651852809768e-01
-8.998954516643723478e-01
1.104401752140569265e-02
1.780483693015421531e+00
-1.144420162987457579e-01
9.618422269744321129e-01
3.246812308408118519e-01
3.877512236943578383e+00
1.283204796736432396e+00
5.861275143850885883e-01
8.002092316249330706e-01
1.027303462715331017e+00
-9.416861435216308251e-01
1.336365485190661229e+00
-4.364642600083232793e+00
6.408325878507179496e-01
3.051071915119545896e-01
5.397486552021458772e-01
-3.255964854058348568e+00
7.177726939099713377e-01
-2.006933700495116657e+00
4.336532737977452534e+00
-7.706951605804543970e-01
-1.663532241015439173e+00
-9.877023641662455722e-01
-2.584738016750932205e-02
2.570627363877583393e-01
8.111699846761893928e-02
-1.530134444785965719e+00
-1.723899120268932439e+00
1.383258901794802487e+00
-2.986600496058612886e-01
7.566997894926803803e-02
-5.855767812021508423e-01
-2.265423280775838322e+00
-2.842836089658304921e+00
2.089716589576633865e+00
2.487562370460637329e+00
-2.932990500784485643e+00
2.078945315029979923e+00
1.979510569948558674e+00
1.451737461920702410e+00
-2.844041414527553879e+00
1.897860148196259589e+00
-3.887753343945126616e+00
-1.622966669079661806e-01
1.243311995595120512e-01
-1.581176278092001786e+00
2.219425662858555803e+00
2.966625758757810871e+00
-2.527118060510805009e+00
-3.547501003039376766e+00
1.594245668660411730e-01
1.865479683392402332e+00
9.299920999876708505e-01
-3.153721131567029934e-01
2.927319307657171965e+00
1.340650788108413427e-01
-1.240811365138992706e+00
2.115431691386940649e+00
-1.526167551187833371e-01
6.470053701865118301e-01
2.331449287329621922e-02
-4.711593016225533503e+00
-2.018886602096462646e+00
4.755986237189854110e-02
1.270164312694825215e+00
-1.072830294348327218e+00
2.338516173372227502e+00
-1.971642327194335964e+00
-2.461553862804235493e+00
1.771851446220560344e+00
-4.032177982336105915e-01
-6.026792851170347021e+00
2.912152425130858813e+00
7.680485453011390851e-01
-1.412032378481857364e+00
2.020559756668718787e+00
1.557891207686878055e+00
-6.232574857453407891e-01
-1.083904153173235185e+00
-1.976056926329547325e+00
-3.554752426495293854e-02
1.199794523679274638e+00
-1.888987381097195328e+00
2.074968588085669197e+00
-2.869467752422984574e+00
-5.321532356260822105e+00
4.886854809118302612e+00
-1.371127991029343463e+00
1.166885047371664319e+00
1.721232055663314942e+00
8.832200185606545739e-01
-1.136060946817416761e+00
-1.185486858886560801e+00
1.091185983597839027e+00
-2.479127079073982554e+00
-3.196658218111374072e+00
-2.131747588094713652e+00
1.857443533732387575e+00
-7.906420537016680683e-01
1.099373556090615045e+00
-1.897490967463703715e+00
-1.106434550996530930e-02
-2.541174272403253553e+00
4.668167203939116661e+00
-2.376429621642592860e+00
-3.852856524549367889e-01
-2.534866867051762007e+00
-3.186099098775925231e-01
9.896367275254774887e-02
-1.331630318063890650e+00
6.519215159960444206e-01
6.447248752803860228e-01
2.137755663152232977e+00
-3.415320164229138644e+00
-8.119537543727666229e-01
3.162500462930748490e-01
-1.296970689062537652e+00
3.464643996479095378e+00
1.441144700024304282e+00
-1.517774610101309207e+00
-6.879727195924399963e-01
9.749067736417852403e-01
2.747467474023408851e+00
1.600277404958943828e-01
2.302852559552265088e+00
2.924832807421070768e+00
-1.848150111920230154e+00
3.157274726908731122e+00
-5.291475377203002095e-01
1.382984906084821608e+00
3.466599995602201445e-01
-1.989482721727923731e-01
1.177986445742860988e-01
2.135145467644515294e-01
1.476460945811310793e-02
-7.316592933307166646e-01
4.720380089794878886e-02
-2.476324069945098127e+00
-2.713550231563496284e-01
1.850517465783047211e+00
-2.306023564782803958e-01
9.260269471675163233e-01
-2.889210996202143389e-01
-1.502164332829627913e+00
-3.035122480761399455e+00
-1.348117119288434029e+00
5.314054503957620135e+00
-9.431456942336114979e-01
-4.343198226080975666e-02
-7.679336579903144333e-01
1.536617740776933916e+00
7.492363940879737116e-02
-2.154532710757974534e-01
2.152660982373685972e+00
5.367023290893514265e+00
4.474978305535906586e-01
-1.075678566221146770e+00
-2.161751505498552550e-01
-2.361671298548855713e+00
3.102360733784696567e+00
2.624293567209723399e+00
5.780589291440958455e-01
3.595743024403763588e+00
1.709104177028685001e+00
9.256183949937991651e-01
-1.057311967663565389e+00
-1.539571532801333520e+00
1.970018292431300555e+00
4.191010616305218539e-01
1.508207371445504208e+00
-1.679702922502902096e+00
1.235176442374346095e+00
1.146477971311901101e+00
1.566996725100398002e+00
1.399265888501253663e+00
-1.717352562841654384e+00
-1.536522254678654331e+00
2.775672489337451587e+00
1.391595782630709710e+00
1.857668732425911795e+00
4.926019601101075729e+00
-1.358697005236895405e+00
4.166785762082392264e-01
-6.806337550356682975e+00
1.596406048409140466e+00
-2.929157160446423269e+00
-3.170806019501178075e-02
1.845375749183882030e+00
-4.099044873090494256e+00
1.016448942244106757e+00
2.328625130202661264e+00
-6.169099397854120870e-01
1.450322026721692747e+00
4.569704685295811752e-01
6.772287256915854314e-01
1.063067926345360181e+00
-2.934140989602296301e-01
-1.207955555599118380e+00
-6.546504380380899768e-01
1.549430846397995776e+00
-1.562944983550432987e+00
2.078796642390017713e+00
1.775917093125296109e+00
3.737150659258642094e+00
1.696949979619390425e-01
-3.910133150607471464e+00
-2.817146237064891867e+00
-1.824172559444708352e-01
2.578948396702814172e+00
1.411571602687840876e+00
4.647073294687814604e-02
3.496245818716406717e+00
1.945391539437660189e+00
-2.730524250407945885e+00
-6.499434756347299835e-01
-5.633518332431823872e-01
-1.812735674538468622e+00
2.816393340487751917e+00
-3.492109530706998477e+00
5.419109273233939650e-01
-3.686591813453333977e+00
1.448733554848294025e+00
2.379488743652515836e+00
2.031195285056208277e+00
2.616188008607201798e+00
4.483584373765277520e-01
1.994776034494362360e+00
1.238585160891685355e+00
1.024811542790297070e+00
-3.922839776350607099e+00
-1.406130304763782146e-03
1.267725975020976836e+00
1.075331170375506185e+00
-2.017199504004663968e+00
-7.957501545841576540e-01
4.116335436039635809e+00
1.427385257127471441e-01
-2.623591935000062048e+00
1.262608039202371080e+00
3.780033979312392489e+00
-5.375144250337736684e-01
-1.962938596012768211e-01
-5.320198642028824310e+00
-5.525872670495157735e-01
-2.724950249215569303e-02
-4.934719983970930479e-01
1.486239463560528717e+00
-5.493045588573471250e+00
2.872838082978242807e-02
-2.334726483288478427e-01
-3.313221817245817213e+00
-6.819190712634943807e-01
2.010292673789076723e+00
-2.244762037217361339e+00
-3.413138872515907862e-01
-3.041517352644983241e+00
-1.519228021735715917e+00
-3.010909245472988438e+00
1.747847752114824349e+00
1.854323729189862657e+00
9.541747983415281853e-01
-1.349235210684095465e+00
-1.695114278218210702e+00
6.915735714861144245e-01
-6.825496700003109707e-01
1.794274245902234277e+00
3.366925674632742727e+00
1.686657958994496553e+00
-1.746164014874162840e+00
-1.938928414820873192e+00
-2.089039587994656166e+00
-8.059271043764257847e-01
-4.300304189067722049e+00
1.780130980902811189e+00
-3.600488521847553081e+00
-3.636941222654073602e+00
-3.490296351295780752e-01
-1.169401671643457652e+00
-1.536089622719345016e+00
5.449885231079713677e+00
1.475595990373308020e+00
-4.560418529174894431e+00
-1.366998534029557177e+00
-1.408554762287081541e+00
-1.161807862306133199e+00
4.504591856345677492e+00
-9.255213219475775244e-01
-1.595277896089813296e+00
-3.073697535254585333e-02
1.689890388107689656e+00
1.481735711915273424e+00
-2.907460858397632908e+00
-2.964046526085850619e+00
-1.403382718858016132e+00
-2.345793753359721290e+00
4.663638861791778112e+00
-5.006721585660157459e+00
-9.479694270733821648e-01
2.438477444967188656e+00
3.684389125624686567e+00
3.211014962518853100e+00
3.573838957104851666e+00
4.602324034368796113e+00
3.346887019594158463e+00
8.856953888186871460e-01
2.408922625951758878e+00
1.362148916392119213e+00
-2.165523355646991277e+00
-6.967401688569994922e-02
-4.086145341798046005e+00
-8.145849855265873130e-01
-6.883447709188625918e-01
3.650499803564846601e+00
1.575541562652238659e+00
-2.207366896871098660e+00
1.947232083674243830e+00
1.201955678072806233e+00
-1.639394763654794307e+00
6.706662102120359847e-01
1.231421615045109746e-01
1.560704926548598159e+00
-3.747799680954686963e+00
-4.480237687026386695e+00
-1.812705674533523048e+00
-2.242948302380549236e-02
1.685886075832195408e+00
1.201651381535205010e+00
-2.912950127360514507e+00
3.922737470615974331e+00
-1.715477287056465405e+00
2.152530485443387320e+00
2.183477260410828791e+00
1.541096632753687690e+00
6.668983070611370634e-01
-4.542975566688973288e+00
2.261803137843424683e+00
-4.584588232533736152e-01
4.005435637473600430e+00
1.788836308968009936e+00
-2.730597906389628182e+00
-8.714289459891749745e-01
-2.126131351511726386e+00
-3.506629029863019831e-01
4.745616416546863947e-01
5.052171403922580684e-01
2.233222039042110918e-01
2.434437149488914987e+00
-7.616852486801524158e-01
4.577368837446471161e+00
-5.941050796845146476e-01
3.449106927208658857e-01
-6.185105219612965222e-01
-5.953901653305683217e-01
-1.094619548062728542e+00
-6.796322872515386804e-01
9.591852135088372311e-01
1.131257668066180555e+00
