3.445736500333811125e-02
1.007625096185885694e+00
-6.725312018159790295e-01
-6.165749022664746004e-02
-8.216460722112520765e-01
-2.324082864554453121e-01
-3.060125008911435129e-01
1.304668861807953273e-03
-1.621465316277591884e-01
-5.366777074635805667e-01
-3.919561137387501115e-01
5.834828757220951179e-01
-3.230012991033994751e-01
-7.288565008599894313e-01
-8.352786960563831631e-01
-3.435921652427548212e-02
4.890524306514184016e-01
5.351334711361472873e-01
2.487825678306549715e-01
-7.711493393962634002e-01
-5.765656296015159166e-01
-8.820462267112555432e-02
3.573425679322918547e-01
3.571439006933326832e-01
6.327193951603179434e-01
2.099266738660615639e-01
6.889503210582474946e-01
1.420569239670993744e-01
7.853027539952120994e-01
4.788971584285838246e-01
6.445658901469235591e-01
-9.475351068661645726e-04
3.202091784922371787e-01
7.382657104218964816e-01
5.559371975463025528e-01
7.253303995750283173e-01
-9.589074622221369082e-02
8.207061094458815154e-01
5.011664697898795540e-01
4.325878381255143790e-03
-1.095438374283486394e-01
2.360058908911225883e-01
-3.319376137561577678e-01
5.140583654441868156e-01
3.308540192427944504e-01
-6.738913654726923497e-01
4.602869773627262795e-01
7.302144062133594238e-01
9.431976362257418200e-01
4.784968711637747618e-01
-1.015195590132772940e+00
-7.979924429719639778e-02
-6.842489183718143408e-01
-4.036536132395875942e-01
-1.372579583173739737e+00
-4.254569420722051909e-01
1.311662386939883129e+00
7.411995165244988915e-01
-1.887829584700675967e-01
-1.109770990368268012e-01
-5.259050696534540714e-01
-4.408875336554058388e-01
-5.413562328401547719e-01
-1.048707335127710527e+00
-8.103878111264349871e-01
-5.298468282843946664e-01
-4.249362482882149128e-02
3.360875820709288697e-01
9.614816864626104520e-01
4.307075194232979354e-01
1.471390845785873203e-01
-2.754521128606305935e-01
-4.445287572065023118e-01
-3.561215069565904640e-02
9.541457472533780848e-01
1.531017363317101476e-01
1.078229763029551647e+00
-2.901344444119232646e-01
-1.368370377792069992e-01
5.700431471164078834e-02
-2.250541172763589060e-01
-2.019589048922013630e-01
-6.963513624572729155e-01
3.568029343036973611e-01
2.073290704492595782e-01
-2.888743455033584984e-01
-8.131889936509935357e-02
-7.526023452859477159e-01
1.624109126547451654e-01
1.044805914320091844e+00
-3.681960217002469005e-01
9.885993160698451909e-01
-7.742078645132806081e-01
3.253708054835577346e-02
8.864588325668246727e-01
-4.311691779105732980e-01
-4.594152220427953348e-01
-4.086901138418090329e-01
-3.904930706134476237e-01
-3.006500991985952553e-01
1.160123840689562202e+00
9.110704336112440682e-01
1.318993805199178415e-01
3.708572684421403420e-01
1.199859351786412981e-01
-2.875966891960552441e-01
3.286152510542535432e-01
-4.545217371854780308e-02
-2.682890640465162568e-01
-2.091154926071774889e-01
4.021325606683049392e-01
1.777113674168584678e+00
4.366433875179877577e-01
8.141678036978069466e-01
-1.380467442830303648e+00
-5.203373857645144929e-01
-2.333341351365297855e-02
-1.299711122001042940e-01
9.453464117621565577e-02
-2.612698044874609549e-01
-2.387635997297479773e-02
-5.777559385171950890e-01
-4.697454032213291830e-01
4.913392016553210784e-01
3.099087132865136485e-01
-5.963931684740700900e-01
-1.403875640339663777e-01
4.371244599873063130e-01
-1.480122986235775373e-01
-1.047019721161615236e+00
-4.252014221499719748e-01
-1.426857759144177229e-01
1.065667830386570314e+00
-4.752859278721517367e-01
1.266204038717481994e+00
1.054913920770748526e+00
4.718487410970076401e-01
1.050851032594906503e-01
-5.160361280789103888e-02
6.487461490776399442e-01
3.779627359776288609e-01
-8.205143271771846436e-01
-5.698225189097889665e-01
1.468608143383473230e+00
-4.571937624854805482e-01
-7.083417675616662246e-01
3.009751062373750008e-01
4.556079524125810076e-01
1.752794563394058092e-01
-4.545492857787886698e-01
2.712045328808048161e-01
-1.082504315271686501e-01
-3.330041476063730355e-01
3.737272312914044492e-01
6.903775141883298216e-01
-2.604018302538564367e-01
5.217680541179615661e-01
2.597439278908731941e-01
-5.367270414384377464e-01
1.199268633302844833e+00
6.107654648547199416e-01
-1.636465970663709690e-01
1.988875286965724465e-01
1.330859555002864125e+00
9.695234003375624576e-01
-3.280438636003151220e-01
-1.297625371128430238e-01
-2.364171844942557499e-01
-4.675914510197090035e-01
1.785700113055392224e+00
-5.558804289918172215e-01
7.334227063123761603e-01
-6.092046676963410734e-01
-4.207506880028896723e-02
1.160385792783928949e-01
-3.911919292708828100e-01
-1.858057799311903791e-01
-7.594145680617081506e-02
7.439873190888524057e-01
-1.966582836884522845e-01
-5.540554619377254797e-01
3.305364176024808698e-01
2.497526493329985942e-01
1.590094501509383029e+00
8.373225224639524455e-01
3.296921502244783420e-01
7.705783265453044484e-01
6.935972409641693037e-01
3.602520941810475885e-01
9.899699474759305895e-01
-1.218520858391065609e-01
1.281987786814058616e-01
-1.763703864894467621e+00
6.512730380014504494e-02
-5.067889510916758766e-01
-1.200485885359846350e+00
-7.723220889219941654e-01
-1.369613732599961331e+00
-1.317003211679654839e-01
-2.833609403127930193e-01
-7.396072981597754392e-01
7.928267013990366596e-01
-7.104310223887343456e-01
-5.085864819164634398e-02
-1.157413004341864449e+00
6.635831244236901627e-01
-1.173082431592439301e-01
3.902735850737655554e-02
7.349743069714864685e-01
5.229909150586138367e-01
-4.190275256685365157e-01
-2.881829967949304239e-01
8.809593442026552035e-01
4.408076980614579199e-01
-5.479079109603628428e-01
5.538070424219044829e-01
9.610626394990796906e-02
3.492265541884385094e-01
-9.084908513200640190e-01
4.482651409032306078e-01
6.448439908616701022e-01
-4.834571418589230229e-01
-1.807483232997905698e-01
-1.916397804039583208e-01
-7.580419412107827770e-02
4.349564709223461834e-01
-2.088728590713126443e-01
-8.783016588767017518e-01
-7.615403590507259235e-01
-6.627202090088143982e-02
-8.847030773382760782e-02
1.379075939809935036e+00
8.448229040100028175e-01
4.954624032623537455e-01
3.235770479402909627e-01
5.935369622585522364e-01
-2.645977771425818137e-01
5.500644614460262760e-01
2.615370573424938838e-01
-1.538933888492060309e-01
-2.792780117640908943e-01
-6.503776873648721146e-01
6.899476776955304480e-01
-2.052584251526457793e-01
4.307260948469120998e-01
-7.502470953214351868e-01
-6.012194297082340544e-02
1.226958837099957345e+00
6.826075475196902165e-02
-9.264078475914951927e-01
8.009229768608934208e-01
2.041501733978988709e-01
2.457057778970135886e-01
-1.236226119294423775e-01
1.161034316458936094e-01
3.185028895761885664e-02
1.094975596569183196e+00
-4.188543739370278463e-01
6.823224745685786408e-01
-1.010424043238032032e+00
-3.475986616346411484e-01
3.001775095845856667e-01
-5.685908700355077894e-01
-7.237498999153267887e-01
-7.143126240729772425e-01
-7.881196644059333956e-01
1.053449542670032157e-01
-1.596943626944778150e-01
4.270330244124286301e-01
-6.563621218190058837e-01
-5.383664642184612242e-02
-4.247749315092381739e-01
1.245877575901031126e-01
7.947551317934102855e-01
-2.300467320279530326e-01
6.199611822883309697e-01
3.225391807157427793e-01
2.452526893595275148e-01
5.031470376067517236e-01
2.073342651688287741e-01
7.327786211999709476e-01
-1.253512398408287432e+00
1.224332822686057032e+00
3.338876896573233499e-01
-5.085585075950830314e-01
-4.940981582687227203e-01
-7.985528207247438726e-01
-3.660749306675741277e-01
4.317073380147244954e-01
-5.528952594038799573e-01
7.584727285418788600e-01
-5.191123831973494251e-01
-7.639444908248806954e-01
2.587656308889231260e-01
1.611767115616273560e-01
8.143925710401393736e-02
-4.338463072778556695e-01
-7.120144560454286786e-01
6.162156746279160435e-01
2.311023830481845620e-01
1.074353147361303051e+00
-3.627935653803449068e-01
-8.183233216326615822e-02
-7.610761594024157972e-01
4.295902222940305992e-01
3.579767553314995299e-01
-4.353938757196835208e-01
-7.912447744419331963e-01
-5.989537952075116856e-01
1.439811645163040221e-02
-6.889364196522038131e-02
5.729281843528418738e-01
8.043434651864495022e-01
-6.145472939938626533e-01
1.667840748697524411e+00
2.916537542870674057e-02
-8.264862806632695680e-01
-1.343424288560664426e+00
4.678435514755054370e-01
7.112581237431935266e-01
4.454609636017498042e-01
-8.504020895073811648e-01
6.113921583230738088e-01
-1.683183495561368648e-01
3.725023638670822979e-01
5.871557171408083031e-02
4.230521720616399195e-01
-9.659152135635393766e-01
-1.093672501738033542e+00
-1.188605220380470007e+00
-2.302470178277016277e-02
-1.036701117629116764e+00
-6.931103531992147682e-01
2.181762202335466028e-01
4.464999220435409977e-01
-5.905170466392113404e-01
2.727374607693374142e-01
4.827818429745249773e-01
-4.166074961316227898e-01
-2.412727617449972883e-01
-1.114507834967032540e+00
-6.879444966288874586e-01
-3.938208457119769523e-01
-3.773361270609355556e-01
-1.109407340289915167e-01
-7.355795784184930852e-01
1.391402789257629308e-02
-2.779723517317182480e-01
1.497904364993100923e-01
-2.863260399140099555e-01
2.733181871748636624e-02
8.434535053007603811e-02
7.803632497430466053e-01
-1.486086600021073734e-01
-4.481146354931587195e-01
5.015449586113936986e-01
1.177302238426201769e-01
-1.304844386724189620e-02
4.437840226723419601e-01
-6.217452054053665966e-01
-7.884054702117371249e-01
-1.155732259528757244e-01
4.443833040725075345e-01
4.233077370810318651e-01
7.689123093457372882e-01
7.515329320187164042e-01
-9.557513639301925545e-01
-2.090336080301471999e-01
3.688016858408109666e-01
-2.423554260315817152e-02
7.901292162003922259e-01
-7.153760202954012604e-01
-5.364426741795577103e-01
1.462599856617277760e+00
4.803776714881839716e-02
-2.040550962157942627e-01
4.820137553957020704e-01
-1.724272017883152208e-01
3.543043950777253759e-01
-3.268175065742085494e-01
-8.535462057259928237e-01
2.134318272912614500e-01
5.628347673552213104e-01
2.245739935195348314e-02
-4.458337932975732776e-01
1.168397569887194454e+00
1.434956122476358287e+00
-4.201795522450139098e-01
2.395401769511825985e-01
-4.954783742967149296e-01
-1.183298928283581242e-02
3.368348645516741624e-02
-2.613389330065165050e-01
7.793270130176929156e-01
-1.347814742885707906e+00
-2.514158666589964564e-01
1.256120305250382416e-02
7.950449871221336728e-01
9.355636858948752632e-01
-5.513850940188003147e-01
