-1.464900040079823024e-03
3.891083311566618380e-02
-2.127655168822863152e-02
6.357113221416582638e-02
1.200695751134153721e-02
5.919363545401583326e-02
4.783256786706871488e-02
-7.574503733384722881e-02
3.406257894883050336e-02
3.795616003184223985e-02
-1.958086058374566840e-03
-2.346489420093488681e-02
1.884239374259669836e-02
3.646764859864285585e-02
1.956861993321015389e-02
4.057729477180847116e-02
-3.959563864399784361e-02
1.460333901842517795e-02
4.554903563976993308e-02
2.164940090911819312e-02
1.531145728019399355e-03
-4.272033120623547342e-03
9.767493033673284308e-02
6.679874060041855743e-02
4.013254568436638858e-02
3.578537513327156860e-02
-3.927221433656785665e-04
8.200956069364395695e-02
-4.417159699557209745e-02
1.352024779220999118e-02
-1.565349213070373405e-02
2.221050226667271865e-02
2.272126912178500449e-02
5.621490690727218298e-02
5.546991083711626941e-02
3.649167902885482040e-02
6.448820090785262193e-02
7.950894825370974361e-02
3.377726585774507712e-02
1.642460138346596432e-03
4.667014355442046514e-02
1.186340720372039415e-02
5.270554772550427314e-02
6.577712694338276600e-02
7.482774947817155686e-02
5.664568370973975531e-02
1.328254481315599422e-02
6.633850304342092663e-02
7.389613412956161365e-02
2.690277606557548579e-03
3.954861784884852738e-02
2.097234693432036695e-02
1.800476852546838494e-02
-1.246394296529781953e-02
3.420853487912262764e-02
9.459307254256400788e-02
-2.784479584584008752e-02
6.398612763885933030e-02
-2.227460470898379868e-03
-1.231931703149577104e-02
3.452967084528136416e-02
1.583874985782110154e-02
4.422292780642265997e-02
6.883985086428950906e-02
2.435836802267501294e-02
-1.317144073659117648e-02
2.723881501924430015e-02
3.178874687943762656e-02
-5.453024766575824411e-04
3.114075214116260662e-02
-4.851997129506769452e-02
1.420669220617360590e-03
9.215432289285424572e-03
4.820422483577428696e-02
4.450346097737949147e-02
8.161655048620177627e-03
4.641807898179508424e-02
2.261196573566234477e-02
3.849598841859714488e-02
-6.099959964194288931e-03
2.252957039915636298e-02
-3.421912506642740825e-02
3.406680263414103849e-02
8.614872651391471126e-02
4.578265709075002993e-02
7.811992160561411630e-03
4.261660285133371528e-02
2.394797689211248040e-02
-1.693390325391702644e-04
1.171396716866671822e-03
1.412710922184473236e-02
3.354867351895420013e-02
6.431500123154881843e-02
2.962717145502732907e-02
-7.817902632869390411e-03
-2.217510604547592162e-02
1.570583905595716520e-02
4.958733730695913389e-03
5.020052327910785872e-03
3.232466282871852836e-02
2.423554325339612528e-02
5.468416174339900404e-02
-1.461119657795323726e-02
2.946004630666043331e-02
3.394680131805745404e-02
8.959032162899390611e-03
1.935738240589882780e-02
8.037735253553263126e-02
6.464619242156167955e-03
-6.279659029666297132e-04
2.757270974026843416e-02
2.497645507402288662e-02
8.214347800511301312e-02
5.782983526992437062e-02
5.590891174008824627e-02
3.621584878150524434e-02
-5.484961108519755685e-03
3.628318788961248237e-02
4.012919187793467096e-02
-3.384613093856254223e-03
-4.439951551650805905e-02
4.123300436458313123e-02
1.403981543334691801e-02
2.990577341209933390e-02
1.636827133676266310e-02
1.779717440176364213e-02
3.038067354625815369e-02
5.869539574642228946e-02
4.051267674608279717e-03
2.446431603921354545e-02
-5.125449726140894613e-03
-3.420986408970611709e-03
4.717163216160973060e-02
5.295824449007086043e-03
2.023597668665684871e-02
6.017264569338566516e-02
3.752923508762001648e-02
1.268487590010962049e-02
4.462254195477450419e-02
5.460256233007698690e-02
4.267027980724119596e-03
-1.009312758267469357e-02
6.038248443731714099e-04
1.659707257223689073e-02
-2.395303243595647835e-02
1.354044753415761457e-02
7.832739310873880478e-03
5.465668158370066976e-02
3.711473473765281028e-02
5.776879617993127547e-03
3.315088267892016272e-02
9.817335835437469155e-03
1.514739960093507837e-02
3.471846834843016205e-02
-2.208996710563713647e-02
3.252767475335741065e-02
1.189117130193095839e-03
8.007563298578518340e-03
3.709468342319031942e-02
5.878899616161686187e-02
2.893002391035722973e-02
6.057305838552010102e-02
-4.106592785058892081e-03
3.009939486408261256e-02
2.942234498738167947e-02
5.198504363855224741e-02
1.920055277417828665e-04
6.418727972841224705e-02
-1.228677050479026756e-02
-2.762097840993134670e-02
2.837972278236235504e-02
2.290732325308659015e-02
1.312861711706530057e-02
2.733104127566259381e-02
9.411849248968508913e-03
-1.293715985900337900e-03
1.451456844100974114e-02
-2.083068532530246014e-03
1.595300534426241645e-02
4.893773954837672691e-02
5.212277647199331509e-02
-1.972097382586002201e-02
5.095107136692721139e-02
-3.331260388297715980e-03
3.568399443820842454e-02
5.445854819681422015e-02
3.751334681018728828e-02
3.161985675188504208e-02
1.846122269989168216e-02
6.816539095651111962e-03
6.529816952125090668e-02
-2.243656922299837320e-02
-2.358579076894874380e-02
3.442884326520172233e-02
-3.623306991782718200e-03
-3.131351858347861811e-02
5.957003023092664884e-02
2.365646372411860099e-02
8.800458523604524907e-04
4.108059612948172790e-02
2.904361634536932468e-02
6.664328084214236891e-02
4.535710070508482822e-02
-9.279009124201625935e-04
9.159961340855154316e-03
4.016894988650068776e-02
5.185029335081389745e-02
8.298596012470009498e-03
6.532123198464620528e-03
1.057344647225995013e-02
3.378987912696540530e-02
3.097300483379638106e-02
1.180924444248638086e-02
4.771195093433000523e-02
-7.797813380865575850e-03
5.225118222650902700e-02
2.617685843981248234e-02
-2.305232559735062928e-02
2.485013155636438958e-02
6.518224608839766343e-02
1.172561623942480480e-01
1.607413225751488581e-02
4.971599670051214670e-02
-1.260474177798195580e-02
-3.111097377510508091e-02
3.516960417315370679e-02
-1.167173609361638748e-02
6.695193321960599131e-03
1.568809955448208573e-02
2.805187242023275337e-02
5.176501966298009683e-02
-2.993239386665095050e-02
1.174013373189484663e-02
2.861054339991116191e-02
-3.042281948771392158e-03
2.705968719394072006e-02
6.631213320021228652e-02
4.285124468249910945e-02
3.643948199142783839e-02
1.930239307657661066e-02
4.495419210412961164e-02
-3.388878852920579332e-03
-1.917409378711129944e-02
5.060146763237199918e-02
4.729268268165886385e-02
3.953975516464607043e-02
8.395388448047885754e-02
8.161212846459083015e-02
2.911238421929693634e-02
8.044148251517795056e-02
1.924342820988501554e-02
-4.004058685564690356e-02
-3.724276057481597235e-02
4.760245522182576794e-02
3.038099367378566118e-02
-2.798390439988644035e-02
-1.984346454065859244e-03
3.545392588745375356e-02
4.758725735427647707e-02
-6.431391472216281546e-04
3.666553684828376125e-02
1.015791457947302912e-02
-4.702000853583774426e-03
1.379648918949564693e-02
-8.596143673241657401e-03
5.091704121847641373e-02
3.094582509611508436e-02
7.585932729752460635e-02
4.795115979677525009e-02
7.872886160199393801e-02
4.238815864489182961e-02
-1.418901042398190357e-02
7.237708980526530445e-02
7.698404038151231144e-02
3.482346573471807594e-02
6.207652436690794251e-02
-6.369671463732112099e-03
-1.604442579186647622e-04
6.694184888371827735e-02
1.126491418042427015e-02
1.083254845560307697e-02
-1.820470265880718905e-02
4.914343302219353199e-02
-1.001658891430034365e-02
-1.639811682058445880e-02
7.663685405355435964e-02
4.668481980705867229e-02
5.202517727780036488e-02
2.417445018724051833e-02
-2.099026195982052478e-02
-1.227167379393868593e-02
6.302115998289664622e-02
1.704541485838113532e-02
-9.201389434507004084e-04
1.199406418776441385e-02
-3.013463169059630783e-02
-3.009166534501322293e-03
3.121587407273760176e-02
3.364167464138835550e-02
5.824490607407209475e-02
2.706143821835253066e-02
-5.225741760216940507e-03
7.531952485899832267e-03
2.168613441418238558e-03
-1.199447805902682448e-02
1.143024229467814179e-01
4.486526986828505426e-03
-2.266397943286164313e-02
6.105965490076116498e-04
-2.069883390478755372e-02
5.846785221059853932e-02
4.963182666147185340e-02
3.210612818611730673e-02
1.172612104847985115e-02
-4.981421763269346797e-03
7.566323225164718613e-02
3.962272940610360450e-02
1.862924746933628320e-02
3.968855564945691916e-02
3.088078094263393275e-02
1.580871585016579636e-02
-2.972469240046223329e-02
-1.250263902787766834e-02
4.824548434753457571e-02
2.425297968214958771e-02
8.760848819035549351e-03
8.895134913556618228e-03
-3.993138699445961115e-02
-1.292437691698219288e-02
8.200850254943020667e-03
1.333574995964540225e-02
7.642575660452191610e-03
3.244435479412691170e-02
5.019520619923012461e-02
3.694595078703528240e-03
1.131975423542249670e-01
-4.618232104567448343e-03
5.356771544223956627e-02
1.756228276870644769e-02
1.293421399005553404e-02
4.184952243100120012e-02
4.970800926081715698e-02
2.483646268874223004e-02
2.262982724413344082e-02
-2.592526155116998618e-02
-1.070535093696892842e-02
5.208580076596254493e-04
3.142621923331416489e-02
1.120894275388616829e-02
3.147310052341974196e-02
-2.876853220676017439e-02
7.286201927183537375e-02
9.661076792476949726e-03
2.406539987847103670e-02
-2.610822780619775907e-03
-4.009459476501057301e-03
3.127092495502273306e-02
2.342501599911726504e-02
4.987016496748255395e-02
7.054807751493530343e-02
2.732032453958251061e-02
1.952752269756281162e-02
2.623927403506032957e-02
8.359703965216867816e-03
4.022794165876138889e-02
2.322116899006655341e-02
-1.738426014737914568e-02
3.270593002272725869e-02
6.371533545311483526e-02
2.692703838519050832e-02
1.268601561650313514e-01
5.999716264740559413e-02
3.353039323201835453e-02
4.798778705466116151e-03
3.186455620046597936e-02
1.675683286605806482e-02
-3.050649191088112763e-02
5.368352285539246954e-02
-1.505678746516786459e-02
6.474103493151596445e-02
7.862893060827862157e-02
5.526417336612952230e-02
8.563064552497140491e-02
7.272219578346204860e-02
6.993971284353281415e-02
1.594050844851098436e-02
2.381325607889051010e-02
2.028226638325366163e-02
1.927959337079448998e-02
7.993612934235537482e-02
1.119228834719109694e-03
5.060285257260341979e-02
5.961982712900971981e-04
2.440715130060903265e-02
-1.717479476457151391e-02
-5.078331527381935162e-03
1.575634757841547912e-02
-2.425191478389716881e-03
8.111861311562065802e-03
-1.203171233971858656e-03
