2.045379301490088397e-02
2.182632807979185685e-01
-1.114873173920838401e-03
-6.758369082597837085e-02
-8.044324159367760574e-02
2.154118973461278119e-01
-5.051701386924045689e-02
-1.163067603138199513e-01
-4.708036685290725720e-03
-2.338940015590423582e-01
1.026431188163715869e-01
1.021069091824716585e-01
-6.596890692407339496e-02
-1.038890587792352938e-01
2.474087863594460479e-01
-3.395053524296782754e-01
-5.713049717141310824e-02
7.978451628022276143e-02
2.233675565208784186e-01
-1.440198186294494934e-02
2.229924148265093331e-01
8.975671587264180684e-02
-2.404142558205238644e-01
-7.077750723691719759e-02
5.668969149386975104e-02
-1.214183151954088824e-01
-1.220007149598084095e-01
1.077062642739305409e-01
-3.985831225902146668e-01
7.913214767708509623e-02
2.320742328658792486e-01
-1.234902326313004478e-01
1.287272574405949610e-02
-1.654641791328211042e-02
-1.440539563758225228e-01
1.426882949185331872e-01
-1.518885113319119462e-01
1.606665840788369659e-01
-1.293958575564747304e-01
2.103284491704659337e-02
-1.353944512717668025e-01
-1.180250049729521383e-01
-3.517209118804030532e-01
2.502750169405302261e-01
-2.199855856940383450e-02
-2.145159114914139409e-01
4.484523741879262171e-02
-2.094845404510012332e-02
4.619912653806556441e-02
3.465684528602552272e-01
1.793670061113628589e-01
8.825028796540734799e-02
8.814866458615598643e-02
-1.715722993008230723e-01
-1.367192786238340396e-01
-1.562325284724501717e-01
-4.858369441076616779e-02
-3.240519752773867168e-01
7.458007717746756304e-02
1.956662201884574181e-01
-1.799369923303920371e-01
2.387262677436135377e-02
-8.984368066772668859e-02
-8.583087681573844940e-02
1.317963683659561513e-01
1.878482630132832787e-01
-1.016298829055485575e-01
1.787893300784973161e-01
-1.870696701942323459e-01
7.420497635272815806e-02
2.316540257011081849e-01
-2.548798029602519222e-01
-7.633554464675751383e-02
2.348929857221986744e-02
-9.004032492913158214e-02
3.807410284334342143e-02
6.382640951373191873e-02
1.033542619215661040e-01
1.821164214609819754e-01
-1.721211772577135313e-01
2.532431206132589874e-01
4.117662811174688242e-02
3.366326460719097913e-01
-6.259074498739546077e-03
-1.030369259859017367e-02
-1.378197413375989097e-02
1.464204770574040748e-01
-1.712869998729536491e-01
-9.924902527183812606e-02
1.781947158196427183e-03
1.173063977966254667e-01
2.858980180740026689e-01
-1.350643215061729796e-01
-2.643438870336065616e-01
-1.715203302772722385e-02
-2.145412327254728468e-01
1.022749933797388322e-01
2.859716347895070454e-01
2.169975089349903408e-01
3.096002375983977761e-02
1.487223856092565188e-01
-1.901256154244463925e-01
3.098816655767342443e-01
3.758192883914087679e-01
-7.835556420840472658e-02
-2.574745376672823438e-01
-9.362095279143076154e-02
5.184477089191452670e-02
-1.491906386860490652e-02
-5.809707785599921293e-02
1.412010189910416769e-01
-1.429588900474037527e-01
9.292757708868620847e-02
1.292283326955168954e-01
2.891627634884104403e-02
7.641248080617613070e-03
-1.252881189875112294e-02
-2.668286785965861760e-02
-6.739225059492198744e-02
2.134269007940031715e-03
-6.709257246363578564e-02
6.441020981653095001e-02
3.350251335361634220e-02
-1.409078847843667770e-01
-6.044329414791557026e-02
1.531434044913785042e-01
-1.954921451637601226e-01
2.172530630915794070e-01
-1.173913709338281902e-02
-1.585919654041528792e-01
3.784060834849441168e-02
-1.119171798139271812e-01
2.004631307141910845e-01
7.158348779086301517e-02
4.567055960508412116e-02
-7.960584153709779343e-02
-2.667504350427106208e-01
3.300179846121036736e-02
2.756262830118765272e-01
-1.028928268053813655e-01
1.092058643714574617e-04
1.700398832221941270e-01
-1.998154824144469099e-01
8.497123314216988021e-03
-5.193073519939725435e-02
7.238663495974798079e-02
-8.187218013754930801e-03
-7.090235015392443163e-02
-1.541014758723919520e-01
1.094571607565528043e-01
-2.914706121812168579e-02
-2.653243741520049936e-01
1.309953236082585237e-01
1.930138880786353983e-01
3.283173410075189425e-02
1.160419619769781641e-01
-2.398208731656041592e-02
1.342034776219802050e-01
6.168290681059748759e-02
-6.535285259252739121e-03
-9.690233346146254201e-02
7.104138295163389683e-02
2.320443226114240198e-01
2.516028483459857856e-01
5.965039264084975867e-02
-1.375945564538218757e-01
-1.100390380739401097e-01
1.188041596651994714e-01
-1.146723263726107805e-02
-1.273363112066966396e-03
-1.849787912612805563e-01
1.511983102123551359e-02
-5.324764749251464924e-02
-1.391190482393197814e-01
1.891869302050001034e-01
-3.736170941499522558e-02
1.479173518025522216e-01
-6.867247324296923972e-02
-4.298367460902451087e-02
4.975254480173862959e-02
-1.396929511524774292e-01
2.074948586429289921e-02
-1.459336940614985867e-01
1.088111406861964614e-01
6.653466481217817918e-02
-6.912374583927230476e-02
-5.522604705661751656e-02
1.333071348438585046e-01
2.024725985464377320e-01
-7.094295623885255031e-02
2.036607900143012906e-02
-2.071904638752380956e-01
2.774338108434662442e-01
-1.190519727047687631e-02
-1.193943498628735195e-01
1.652096575303072246e-01
2.650779897975772542e-02
-3.197753529933028416e-01
8.748298604582319116e-02
2.085509781745929492e-01
-2.404571334018295869e-01
-2.711056679394142077e-01
-4.238061676393070631e-02
3.683459495293336938e-02
1.105817706459343436e-01
2.192513203671082878e-02
-2.609184616180870719e-01
2.302515630062053620e-01
-1.165590325118804060e-01
1.097524644082523843e-01
-3.642838520892879850e-04
-1.197727671453409914e-01
1.050862954278348471e-01
-2.262645167486427578e-01
1.918865038532189260e-01
-6.499832596150215136e-02
-7.880144969017296996e-02
-5.734148431051484807e-02
3.552338824921650318e-01
1.419351536309144679e-01
5.466527649874132477e-03
5.287804207839832960e-02
1.031691782925586720e-03
1.310961638923671402e-01
-2.034342142766653802e-02
2.613335939168012212e-01
3.590493561541103357e-02
1.907281909940811704e-01
3.881422525248919703e-02
-1.054206344798403194e-01
9.118773391992668342e-02
2.364986905296600495e-01
-1.107332860636880412e-01
3.293605030325985616e-02
-2.226310800892795649e-01
1.407117901861390519e-03
1.926527368474506008e-01
2.071517814380594708e-02
-9.322221430942258247e-02
6.098562220844035153e-02
-1.173502361744705597e-01
1.279417869793441076e-01
-1.050934757281490189e-02
1.073776203530135143e-01
-8.798959521444874032e-02
-1.927992847375301355e-01
2.216675971691432073e-02
-9.101335565590018550e-02
-6.651741838533234419e-02
3.396994276412242386e-01
-2.384841919681807490e-02
-1.932890819961301521e-01
4.288362314733140113e-01
3.390979854414519767e-01
9.246197275979486929e-02
1.513858966608591650e-03
1.551277014413661448e-02
2.716891143346464310e-01
-3.112183767395990119e-02
1.799958751655285349e-01
2.047791404921900371e-01
-1.070706868537662226e-01
2.100689837419954242e-02
3.715065120428792667e-02
-1.290006779496442046e-01
4.089402026797474277e-02
3.109162526808281202e-01
4.414682290751548860e-02
3.875009853375506463e-02
7.292273032416266010e-02
1.143609935590696874e-01
-1.007330158886353966e-01
1.481612815308442632e-01
1.270601025820842223e-01
1.396918090743879404e-01
1.172772580641664314e-01
-5.180392139162390275e-02
-4.733532442815709118e-02
2.393079573903651447e-01
-2.006185290581311009e-01
-1.873051069245750266e-01
-1.107609261188636923e-01
8.608669440278871043e-02
-1.259545958788109432e-01
4.649986245783575139e-02
2.614505797220805644e-02
9.273981169721501328e-02
2.069322604795113540e-01
8.749535087655829768e-02
2.914952627321532042e-01
1.572809832519631856e-01
1.028641261358917286e-01
1.891525901053584535e-01
3.392026066279784091e-01
1.182725947776501058e-01
-1.837183360560818435e-01
9.994381556128549560e-02
4.869656208986117285e-02
7.374654733959343234e-02
8.838904547692499891e-02
-3.076659293323139588e-01
-3.634906032201198900e-02
2.629932791736766529e-01
1.448739576070252610e-01
-1.466066891550688034e-01
6.574000368926014026e-02
-1.332591857967952986e-01
9.907810752753565264e-02
1.725022425617419586e-01
3.311258969929783968e-01
1.595070732146364190e-01
1.967641332850108282e-01
-4.193040433475279938e-02
-2.487900352772563772e-01
2.614320301955554982e-01
5.003854386781417807e-01
2.573707488752505768e-01
1.870320537233137459e-01
-1.067521841235846702e-01
-2.595417986542197797e-01
4.807863624701088495e-02
9.641468250095992787e-03
-1.793444174957001536e-01
2.777686044343303240e-01
1.027397726323699412e-01
1.104256816931254992e-01
-2.046016509563730601e-01
3.121578141517151739e-01
1.025025620246093616e-01
6.288772234566562813e-02
4.132099390138457840e-02
-6.938897189946852118e-02
-3.486728254120109727e-02
-1.865737498234090741e-01
1.064466857440289210e-01
-8.841641053739296430e-02
1.421960741042786469e-01
1.448368978102535787e-01
-3.533625370232040819e-02
-2.330963715351839008e-02
-2.365714982052000148e-02
1.767824527924584388e-01
-1.821333308419625097e-01
-1.573105097479620407e-01
1.193761565128815122e-01
9.710444414649278821e-03
-1.592994354925720557e-01
-1.352615119575620861e-01
1.469143624197990494e-01
1.116949316295084427e-01
4.348765367602190623e-02
-9.819563679245923993e-02
-4.604961978659753707e-02
-1.638930716408627808e-01
1.099852008632817291e-01
-9.187481273103739743e-02
8.209015253737503293e-04
-2.404022398472526745e-01
1.602312438634287406e-01
9.226842316534188126e-02
-3.912121780792376935e-02
-7.666119490043288298e-02
2.213510969272221296e-02
-2.855899837748709577e-02
2.583318314505816254e-02
3.594620134122649135e-01
-1.415116804755824909e-01
1.317315130204065043e-01
1.676364787907728970e-01
-2.586433601904176705e-01
1.173723423468204241e-01
-1.025671563272324560e-01
1.914248879375997636e-01
3.431054879878679409e-01
-8.581477312478986985e-02
-2.204472496056934516e-01
-3.840678581890408227e-02
4.854264534474482529e-02
-1.954688840735551159e-01
-4.573483339493919497e-02
7.392936197527585906e-02
-2.160721596798729216e-01
1.461363340334530525e-01
-1.165955175582844700e-01
-5.605803118476368474e-02
-1.084740158150541839e-01
1.450723552316112996e-01
5.473715786523061788e-02
-1.257198723666846374e-01
-2.804652601532376943e-01
9.818051396284288579e-02
4.018664543983970772e-01
-8.287725780620791571e-02
-2.554998377837772172e-02
2.054136233852688759e-02
