4.973008201613841883e-02
4.243406614063157528e-02
-1.087140198855978887e-02
-3.788296442332970970e-02
9.692647142506996549e-02
-1.071999308982211907e-02
6.159339574310221388e-02
1.151616967269534775e-01
-3.833421904688205650e-02
8.071485826841634514e-02
-4.660534704393819172e-02
1.059888868630934622e-01
4.894885069527715044e-02
7.421147638251306133e-02
-2.814072058611416516e-02
7.715009756188460910e-03
-1.591548425108629469e-02
-1.393500712002194997e-02
1.144130952776523102e-02
1.745311773048079801e-02
6.937798917232829154e-02
6.122417017860226629e-02
-2.552872800161382072e-02
3.764046145149219091e-04
-2.443700035480429744e-02
3.098436796921189007e-02
6.221987382854907156e-02
-3.855340909015490813e-02
-2.228776646927394314e-02
-3.687316884651822835e-02
7.969707952981172627e-02
8.973293961023123821e-02
8.708759877660562920e-02
-1.877972829155420686e-02
2.932751599902061468e-02
4.262302985318262155e-02
1.765669736933976608e-02
6.082884027804535965e-02
3.384161029112639496e-04
-5.304048253901498533e-02
-1.909962816374843886e-02
5.649964551575364924e-02
1.007043868940114828e-02
-3.379500592141045090e-03
2.298505827227748100e-02
3.070828052984744122e-02
-1.428205813182916936e-02
2.589830003312223322e-02
-4.961836028885717453e-03
4.319642293491104262e-02
1.686101799868890833e-02
2.346041249439087539e-03
1.616631888313574406e-02
3.895195609132223041e-02
1.086178536482772239e-01
5.237032937778320074e-02
-3.162612535454467633e-02
4.308881556701109339e-03
-1.289882339533576436e-02
4.251604797968149690e-02
2.646770344920605644e-02
2.607469312877844225e-02
8.403883238939567624e-02
3.451056989687174836e-02
9.422918041362265962e-02
-2.633709506257791641e-02
-8.860415704409537602e-03
-4.479077733148993656e-02
2.208452985364538906e-02
-2.684694387924419293e-02
1.092238863798534465e-01
-3.834333662933192555e-02
2.386276119245731020e-03
6.448061152319779776e-02
-2.863161025833035542e-02
2.017295878889686922e-02
-6.277219286368726503e-02
4.015836310780806356e-02
-4.982957794170891908e-04
1.328529665377862212e-01
8.019913185313057302e-02
3.638404835317215341e-02
1.386579442869926432e-02
5.011573439264987995e-02
4.736765260805451266e-02
1.701610052136278556e-02
1.631048895954691214e-02
-7.954537095263339991e-03
4.280346604456054804e-02
-9.563850823734901946e-03
4.662221705557043072e-02
2.492011729029498107e-02
1.241606634139608145e-04
4.944127894189786349e-02
-2.206843638697697160e-02
8.512747183384944405e-02
2.344715846918574848e-02
5.240829580674158383e-02
1.851052025921974542e-02
-3.427847105790714222e-03
2.848228510062609381e-02
4.277813151182906226e-02
6.765115322051762359e-03
3.012591990591428903e-02
3.055419007386542263e-02
2.983166733807218751e-02
1.651181315089461643e-02
5.476925575649480016e-02
-2.094180280957952389e-03
2.827606449408379130e-02
1.286345579265769229e-02
4.841536673134149565e-02
5.712818658891791190e-02
4.734986199511077160e-02
3.936923024005092170e-02
3.225082147061086174e-02
5.837605243691502965e-02
2.842216802179452911e-02
3.477470716547897966e-02
3.340575585673113274e-02
1.425086018986517766e-01
2.224949411871458838e-02
3.027931426694974865e-02
7.640790077489995058e-03
1.572792330722674187e-02
4.589919093801141797e-02
-7.766030059875445035e-04
4.401252063494860700e-02
-9.070916988942909209e-02
-3.998605044357916166e-02
-2.770108566593248653e-02
3.345300713783726232e-02
-6.785368096308488917e-03
-8.875043833481491284e-03
1.094246019797074226e-01
-6.585942182713896975e-03
7.136768976591771618e-02
5.473700843775555769e-02
5.085654694392300473e-02
1.057015487298974266e-01
3.941313749349438511e-02
4.720500197536271758e-02
7.832271628258347107e-02
-4.787284991821738611e-02
3.339545524345987476e-02
7.289618493169935931e-02
1.374257453445336397e-02
6.480046090940816406e-02
-4.391498379119676554e-02
1.179084238763061787e-02
1.269558284053981245e-01
3.257796774442655446e-02
1.649654741975981054e-02
9.062720903616075518e-02
4.532865549082449458e-02
3.150769414150031422e-03
2.484657627961760901e-02
9.345550694457764596e-02
3.371083073160405230e-02
2.876913434591039237e-02
-5.737715107388965952e-02
-2.588362333366933318e-02
-2.179694802586720423e-02
-2.725502115674416706e-02
-1.284176589325331311e-02
4.145651494229765643e-02
8.160908553596207815e-02
1.983688370630934394e-02
8.149160514255218701e-02
3.778294716544313564e-02
-1.190905046015452648e-02
4.683346819023363056e-02
-3.895074708768611615e-02
2.974245066227334394e-02
4.606307986940708782e-02
1.056249940182042435e-01
4.963675867814723586e-03
6.964822261986348961e-02
7.464521635337249827e-03
1.418551561849329401e-02
3.096869884464591854e-02
5.185781737591106666e-03
6.702924853283775963e-02
-2.376243493234646287e-02
-4.116110975631645519e-02
9.841393452518193419e-03
4.170704835216974826e-02
-4.020971247243707719e-02
1.739338770618704955e-02
4.540109382926710291e-02
5.291237558591643103e-02
-5.483099604478700040e-02
-8.546959824794217453e-02
-7.092093896925347196e-03
-7.718870693391802207e-02
2.220198663405629352e-02
5.990599711005012429e-02
-2.419074785904155867e-02
9.311500830914441751e-03
1.094647111545413165e-01
5.728215092626870453e-02
2.490406545946573236e-03
-3.787594133675924180e-02
-6.138649849367094902e-02
4.797226250027479544e-03
1.111567336953868390e-02
2.748856751973464962e-02
7.806019013525333783e-02
-4.744946117454250378e-02
5.270250428493535033e-02
9.061569796802206034e-03
8.041417885121528164e-02
5.869309196458180611e-02
-1.635009884617541834e-02
1.127231209009479790e-01
-5.490158355612512198e-02
-2.871793524038327231e-02
-5.755694085571893409e-02
1.467998695803632292e-02
6.558158540838876505e-02
-2.179761298893543101e-02
1.853949458826143620e-02
5.675303851588354986e-03
-6.491843410662750946e-02
5.561667515509641224e-03
1.043285085384664246e-01
-1.945959557374256355e-02
6.244059318500216893e-02
3.025255346008344504e-02
-4.452983029602404497e-03
-1.210764376596787720e-02
-2.674504272559967422e-02
-2.794217812688107316e-02
-1.978138410430653471e-02
1.474165864037114276e-02
6.290207550381615720e-02
3.437083402839400531e-02
-8.687823672454075830e-03
6.711168615546041216e-02
2.467825374664829596e-02
1.823641855323944461e-02
1.517350361263546110e-02
5.636212074469973410e-02
6.568482873863620841e-03
-1.976268372052445224e-02
-8.577073782361985255e-03
1.216949123226653690e-02
3.452858249302847432e-02
1.666886556720960366e-02
7.667062606298603866e-02
2.500865323700008497e-02
1.546026548108178633e-02
-2.152055895334722621e-02
3.200242931365381710e-02
8.603608748071378542e-02
-1.977058304054474594e-02
-4.967087363593303273e-03
3.740202126922410886e-02
8.618623489368168467e-02
3.200978121573008761e-02
1.303513447532229225e-02
4.348043408002477683e-02
1.128930009802985718e-01
-1.320515017977787198e-03
1.004409163346111911e-01
5.035337683636509354e-03
2.985191774515963403e-02
-2.558329615059651285e-02
-2.943425185714279232e-02
6.419494979052108030e-02
5.979566423789769991e-02
8.254434196603246954e-02
-2.313420222434720355e-02
7.219671782014311368e-02
9.831844797109973166e-02
1.044596380617766190e-02
2.053934861601477979e-02
1.814852446746466341e-02
1.020400059363139461e-01
5.375607616000933203e-02
-5.652008501441582733e-03
2.168870757785137937e-02
1.097376637439351210e-02
4.006619083223018213e-02
2.067344438596490502e-02
-6.658686227096324850e-03
5.077208476742148952e-02
-2.946696228442094445e-02
6.429111750091962008e-02
2.410429144428441472e-02
6.542402177131985408e-03
-1.283627211040555549e-03
3.197431863120753920e-02
4.519713392462512691e-02
1.572885493134094925e-02
5.234834193703058469e-02
1.827473731697822762e-02
5.262033448461347906e-02
1.029107080658848428e-01
1.253384877352642368e-02
4.742768833057658950e-03
4.773926190492952526e-03
5.842389445541786019e-02
5.561407081836303168e-02
6.725421358155352081e-02
9.947603439740250464e-03
9.105046969572616611e-02
-1.417022558054659501e-02
1.032644720087872586e-01
-1.384529707032175830e-02
8.503720282635084116e-02
2.912414133908240721e-02
3.156186580091761840e-02
4.903592231585881395e-02
4.535812151206377457e-02
-6.867430915446753881e-02
2.893034546331928192e-02
-5.668744147945075501e-02
6.604848298638268944e-02
2.444310263796338478e-02
-1.743222534569176252e-03
-4.429523321766021260e-03
-1.179096959661879440e-02
-5.002960248888338457e-02
5.773762949609614892e-03
4.151554971091674096e-03
3.153207146606497313e-02
-2.811015073628314251e-02
8.140861310873179213e-02
4.208250337574832856e-03
6.297389046898187182e-03
3.204310623688038512e-02
3.459801178100660457e-02
7.466275907529659750e-02
7.301384268486563189e-02
5.413797965630837844e-02
2.435546979244521820e-02
2.834067080761554919e-02
-1.285903587658787650e-03
4.851884615840035969e-02
5.450951884167454936e-02
5.074430584004005484e-02
-2.525101837449685027e-02
-1.197983233525008739e-02
3.643820632028874074e-02
-3.115895586988889562e-02
2.126139537344258479e-02
5.517172990599464311e-02
1.213072025388765574e-01
3.071981694595482537e-02
-3.309641911953670190e-02
4.884114148341341111e-03
1.361049578197374987e-03
7.698204410415576682e-03
1.507533618663899760e-02
5.592007723852703005e-02
4.202016930865359878e-02
3.872695452173569031e-02
-4.839738771352300462e-02
6.815067113579076352e-02
2.133453350780508545e-02
9.556948831212999651e-02
9.517024860180342549e-03
6.689049348631365133e-02
3.980299506333023762e-02
2.813626140886317517e-02
4.434750567152018902e-02
2.270388418048056162e-02
-5.192780559740546587e-03
-3.198139376472014517e-02
-5.449427082180391402e-02
3.829192083008928216e-02
3.125645772896606944e-02
-1.329545058582815020e-02
-2.730159334629923829e-02
6.066380551885143524e-02
-3.904998259521755971e-02
1.750776990018122758e-02
-1.883381557722441438e-02
3.278918996664253321e-02
8.497863754744705567e-03
5.847572910610679409e-02
3.898997124506777684e-02
8.497904989224772110e-03
-2.696400047924693566e-03
-1.117220855339601596e-02
7.996210559425595554e-02
4.184781970299061848e-02
5.622777550802957047e-02
7.651502665480761078e-02
1.869860370640064051e-02
4.723377478421762754e-02
-1.572024177952926691e-02
-9.003397590145238022e-03
-2.927467219206794646e-02
