-1.908126540087029532e-01
-1.148155276504707889e-01
-1.731657654470000640e+00
1.169100604290807865e+00
1.372297574330677339e+00
-1.202821817987526298e+00
-3.076972803091555519e-01
9.717401760273067790e-01
-9.212342815047318556e-01
1.007521984252896630e+00
-2.188180746353445283e-01
7.535874348218375429e-01
-4.513823715590092323e-01
-8.898911599610362377e-02
-2.631624311052788712e-01
-4.329769191819828056e-02
5.093308593141920859e-01
3.299649657211173315e-01
-1.418926507358047706e+00
-1.173144091634468644e+00
3.714893835791585053e-01
3.511248918413204523e-01
-1.098504955003975603e+00
4.476538806084976452e-01
-7.086558890120759902e-01
-9.510979823629808205e-01
4.410687666066450685e-01
-1.357294209372777338e+00
6.463625035672725394e-01
-1.883434811220059180e+00
-3.265238414119377430e-01
7.277283095194982954e-01
-3.421432068444290042e-01
-2.170148810759570668e-01
-1.072351277189741880e+00
-7.154626412077301767e-01
-2.520745119163911308e-01
2.784092482127863977e-01
-6.489667294992650382e-01
1.017018527756618385e+00
2.288696189805793438e-02
8.691702915345046465e-01
-4.185494946434994423e-01
1.060574932681254801e+00
-1.894825871538189099e-01
8.319709729606562520e-01
-8.740603556162594989e-01
4.540588880240938041e-02
5.563615317383241443e-01
1.843154074824130961e-01
7.355287547316884389e-01
-5.938349864087509866e-01
-4.382795734089481310e-02
-8.025228326956609370e-01
1.588910128819997492e-01
1.298053917053977324e+00
2.551813561970716071e-01
-1.070902694525680265e-01
-1.368962198002810826e+00
-1.070941764649851580e+00
1.112412256206395167e+00
-1.248685750613914569e-01
3.076500318409666201e-01
-2.650082830900112874e-01
-1.209082891703044504e+00
7.080960116355045075e-01
-1.227231804772718413e-02
-8.170563690177657934e-01
1.014503357819003915e+00
1.510407410629201475e-01
3.706418685805009106e-01
6.634532605468079769e-01
-9.043350827154598148e-01
-3.170924474747114363e-01
-2.042533941898880823e-01
4.368206635145430727e-01
3.682070422244932417e-01
1.024277345577162546e+00
3.956952059239742248e-01
-8.478587231114929068e-01
-8.440873216117247280e-01
1.385110603819103448e+00
-1.499704295560431166e+00
6.875744249325387303e-01
1.043000932325466312e+00
1.577263465309181711e+00
-2.972588302809109004e-02
-5.942061966976009968e-01
7.857428770509357063e-01
-8.114821564419734123e-01
-6.637868348429669663e-01
-2.407174322342996220e+00
-1.329938706726832010e-01
6.794282370525566161e-01
-9.834862926464156274e-01
-6.260017473015226930e-01
1.626652389905474394e-01
-1.590272126256825069e-01
2.120129301155699864e-01
7.302534017703935509e-01
-7.335123046612006537e-01
-9.997965791831601168e-01
-3.920769541011074333e-01
-1.178708958994806988e+00
5.973251169647347814e-01
1.459511031544034720e+00
1.397390238603259727e+00
1.143500342644699908e+00
-4.457280690309950444e-01
-3.782635229627787088e-01
8.715950713283701634e-02
-6.449430808523551883e-01
-1.355930833231524246e-01
-2.851003445150024351e-01
2.263363238947317321e-02
-8.671877561010548074e-01
-6.549695059215221438e-02
1.636745245425058171e+00
-2.080016872433121389e-01
-3.285109371236885623e-01
1.076697847182762208e-01
9.708136997038988580e-01
-2.076860954559592631e+00
-4.138630921986558020e-01
-2.523254482258232567e-01
-1.021077905584171219e+00
6.894602245722789569e-01
-5.299698270317105830e-01
-5.912135979785204665e-01
3.486387335569520740e-01
-3.911670136646283602e-02
-1.264854694637230548e+00
3.978862241007158351e-01
-5.031393346276738510e-02
-5.081187011479169069e-01
7.084475752232491930e-01
5.948708601342893587e-01
-2.538670894763023766e-01
-1.511844497285671274e+00
3.012641509080370428e-01
1.675044809478917207e+00
-1.071028798333392373e+00
-2.153669414371436885e-01
-4.717933347944239242e-01
1.509990975536339208e+00
4.260953413056062927e-03
-9.275553274315454511e-01
8.162941742349459906e-01
4.794857266533598117e-01
4.825936667738140451e-01
7.038744172410510425e-01
4.376885364856293870e-01
-1.441591117116194587e+00
-8.355770820796859510e-03
2.588147044306803868e-01
5.794743226413572312e-01
-7.178454926250067425e-01
7.816988992983017193e-01
5.992925002057184480e-01
-9.023962745071401059e-01
2.480585323974761724e+00
7.514187477527764503e-02
-6.516238387348213812e-02
-8.141791506453243121e-01
4.333244253357406706e-01
2.711707572500929309e-01
-5.606646281188486514e-01
-8.856797536995979214e-02
5.654667062175202652e-01
2.480376129359075921e-01
8.976472756677891240e-01
-3.788214143948064327e-01
-9.135908654828419628e-01
9.421086220108882969e-01
-8.534589180651885876e-01
-1.241337453475693131e+00
-4.057429704734000775e-01
-6.576703628784696942e-01
8.314122058079727040e-01
-7.889876505849081900e-02
-4.569032542046688739e-01
-5.245949908030871356e-01
-6.980854560447179169e-02
1.163014806622324260e+00
-7.958494075413308222e-02
5.882224672230906837e-01
1.379204002089542858e+00
5.950295804327297988e-01
-3.850778497653413734e-01
-5.547679336922574089e-01
2.664607483149346659e-02
1.014839152902709429e+00
1.370198365836768017e+00
-1.246967923084547181e+00
7.367428885963556162e-01
7.148883627551801956e-01
-2.610053866287487256e-01
1.229712354391087059e+00
1.446994008902646511e+00
-1.380573401712240633e+00
6.405241570689227393e-01
-1.682517139804492745e-01
-1.725496740742845092e-01
-6.942613709897895724e-01
-9.270690635117988521e-01
-8.070736060874036943e-02
-2.962912311735246829e-01
-7.814067510901143709e-01
-8.354315660249377329e-01
3.017418220580383656e-02
9.170345195915681202e-01
4.850918866872236390e-01
1.039550855924999739e+00
5.255816418785681510e-01
-5.510284980463999727e-01
2.122389022879339060e-01
6.709997924506264089e-02
7.378159307057178262e-01
-1.065710126340939201e+00
1.650647304581561725e+00
-4.570762522438866493e-01
-1.285595970004555388e+00
-7.859103605245488788e-01
2.305371130829906079e+00
-1.581081914177228764e+00
3.748671480625040409e-01
1.769936520287422210e+00
-1.165255947499726635e-01
-1.014424511360425329e+00
3.139991612486878192e-02
-5.583416270959608019e-01
-7.097984336815461870e-02
-4.159945686529159525e-01
1.330683579448260212e-01
5.581383086978914526e-02
-1.677686006620604964e+00
-2.195552502781697446e-02
-2.145754741787123110e-01
2.583227856485634244e-01
1.879117016033369780e-01
-3.821621961913924115e-01
7.048405474191505871e-01
2.695730482119015337e-01
-6.147471454771270549e-01
4.802118373722453204e-01
3.145991241982412645e-01
1.729881570448167594e+00
-2.449863820680652643e-02
-6.518549141573134476e-01
1.109134327339770243e+00
9.265551708878974613e-02
1.151977125754453518e-01
-5.581078574467284170e-01
1.069937022877525346e+00
8.955796398661416413e-01
8.946345306735798975e-01
-6.580973148314450683e-01
6.034500492347188993e-01
8.370952865302787593e-01
-1.353457995398159142e+00
7.235296224110739916e-01
3.069764574274162425e-02
1.282739882674627907e+00
-4.062983243285174795e-01
1.387225464588662360e+00
-1.279060708341783092e+00
-5.138528356004952169e-01
-5.831029061955133042e-01
8.875836587844747605e-01
-4.950648839618221331e-01
-1.318879959875838948e+00
9.671495562873522189e-01
-1.343796925971010303e+00
-8.010863304970267107e-01
1.850339583835215740e-01
1.559360715352473559e+00
9.601831511669346453e-01
-1.421386292412436525e+00
-8.943628905777959437e-01
-1.374762841170545924e-02
9.720972286289504272e-01
9.192576652530916048e-01
-3.627391525876973999e-01
5.670345636984599480e-01
2.620461721360809459e-01
-6.518281421372803530e-01
3.435215615645323406e-02
-6.987187985791666611e-02
6.098006111341814500e-02
1.169839319355921337e+00
8.883479227775339937e-02
-8.408587489542670435e-01
8.315872060073744576e-01
-7.789502698616628251e-01
-9.773425849463781567e-01
-2.381547268824646957e-01
-7.635571329786413619e-01
2.148753239798794068e-01
6.958988708761230102e-01
1.423274276378539760e+00
-1.038626312777695571e+00
4.614040933038498493e-01
1.286369937703830901e+00
3.094535646670847906e-01
8.558175428777191618e-01
2.147494648187230570e+00
1.505835385171714336e+00
-1.332870214893100647e+00
-5.065446194419673809e-01
-1.485919080348913346e-01
-3.375891865462449237e-02
8.095139180048231964e-01
-1.116231384767733870e+00
-1.548769308807328160e-01
1.846872613721099787e+00
-1.217204644232896538e+00
1.249506459640948641e+00
2.826913252599576043e-01
9.225952294251315022e-01
-7.910035559568080743e-02
6.995667958402359554e-01
5.120513552350034470e-01
7.475810481179365197e-02
2.437754945694144415e-01
-1.049417863417066721e-01
2.649650741727447856e-01
4.350557287184328437e-02
8.572061261008371291e-01
-6.413907321388907512e-01
2.944346208065670364e-02
-7.549035595624873363e-01
-1.738993791412722922e+00
9.182589611613743985e-01
5.745029196040926656e-02
-2.929007047939880537e-01
1.096679755808487450e-01
8.368064911238148884e-02
1.123813294661135442e+00
2.701532310227323097e-01
4.542801010800945893e-01
-1.054609122874141880e+00
9.061493547892266465e-01
3.634308323363517890e-02
6.648761868270633424e-02
-2.301236389207597655e-02
2.236665599180095720e-01
6.208767300335731321e-01
1.401446367028878204e-01
5.678638943486414847e-01
4.486275968605228370e-01
-9.545991911446970457e-01
-4.881613164855045928e-01
4.866688792045744116e-01
-4.098299656910283500e-02
-1.497555168196927244e+00
1.112584275202019635e+00
-1.051684193444665794e-01
9.814265955424744670e-02
-7.336940454161412495e-01
-5.232200065465438810e-01
9.452292095165427954e-02
1.238891725180752898e-02
-1.153424213015684208e+00
2.825009046774845101e-01
1.220603493503140902e+00
-3.128246666385808283e-01
1.964121819245517653e+00
-8.178045623376529738e-01
-4.386154486384940543e-01
5.645712369270986519e-01
1.093441427554626921e+00
-1.505661184873604563e+00
8.517321531746076257e-02
9.062514074731623515e-01
4.748246920317696351e-01
-5.843404960379313673e-01
-9.780983918099888097e-01
-5.666524632048922094e-02
-3.333269255569761835e-01
-5.342287331621812241e-01
1.470300813773052218e-01
-3.523265131303442432e-01
-4.126660782496098245e-01
3.511736367400039582e-01
-1.284767869315595945e+00
9.949892637281078089e-01
5.145289085168117671e-01
2.034375177050157246e-01
-1.293794647809551668e+00
3.377706781438089556e-01
6.150133783012980970e-01
4.734068286694270156e-01
3.804142085047939048e-01
-1.951642035555929633e+00
1.523137638958565576e+00
