1.625099323316463173e-02
2.161157754469510139e-02
2.591077671912286884e-02
1.553108231766500008e-02
1.848109255626909780e-02
3.067148585523711557e-03
2.062689756578910821e-02
1.895555682111755430e-02
2.818444168129066035e-02
1.059994714776081592e-02
2.379986714102969025e-02
2.060410102477671507e-02
1.248058684845351762e-02
4.155560191132195991e-03
1.105089035833119182e-02
3.024838151139015024e-02
2.496762493178149300e-02
1.836305088083836634e-02
1.829641114285937564e-02
2.180272996798500451e-02
2.405342646607251667e-02
2.279118304864932026e-02
1.324973631653824507e-02
3.526118025478674339e-02
1.760493903463235255e-02
2.415622118075246016e-02
1.447173138425311006e-02
3.092120808326600384e-02
1.322282182948286700e-02
3.894313271287670741e-02
1.925376978871531225e-02
1.913990449920185272e-02
6.426122660155166033e-03
3.466088357324639824e-02
2.489475366152445190e-02
2.233853728493642027e-02
1.522334993852123702e-02
1.398042997466910492e-02
1.956283899842405083e-02
2.581398299002628932e-02
1.661509706694104527e-02
1.188102657398895645e-02
2.300937167248197357e-03
1.775482678233548939e-02
1.901588333576368500e-02
1.452827894098096539e-02
2.945456997519253078e-02
1.734210899984164889e-02
2.961967839006213188e-02
2.510344871849922582e-02
1.376393016752125442e-02
1.463984365482364630e-02
1.171332521282139605e-02
1.820906125428000538e-02
4.582302954339360912e-03
7.898815444087624316e-03
1.135833138992595193e-02
1.040317356298323115e-02
8.653268626203365621e-03
1.428703110602962817e-02
1.912640145611412684e-02
3.087440737435910576e-02
1.160005807600652389e-02
2.333160360252623661e-02
1.342165230375216151e-02
3.208142251042916948e-02
2.014381651312632804e-02
3.391165775965179069e-02
2.212617732967121775e-02
2.388789280139971133e-02
1.878463375028273374e-02
1.893324539370879606e-02
2.480567300544100906e-02
1.554681143879076133e-02
1.655096023914080783e-02
-7.365284108622610626e-03
2.629346436067586668e-02
1.095880732029735904e-02
2.233047885529439169e-02
4.096243002240443354e-03
1.172412929652916214e-02
1.847108800030403120e-02
3.177169610127789784e-02
1.293829630585530133e-02
1.527219374036138666e-02
2.599042870982747055e-02
2.855450716830360003e-02
9.740457277342289000e-03
8.512418760447719446e-03
1.376269321844229843e-02
1.739229707421809101e-02
1.473051429807527984e-02
2.504461054311676871e-02
1.949540827285275307e-02
2.818987143213883689e-02
2.839030896909137264e-02
3.260885430609938851e-02
1.450210769461987570e-02
3.111845413565119539e-02
5.342772941253834396e-03
1.616052713590045847e-02
1.964819414635059214e-02
1.500088779547052026e-02
1.471561756056673914e-02
1.452778979842878071e-02
2.363326917653622850e-02
3.306998005745376973e-02
5.593970472119534632e-03
1.959179638296033865e-02
2.605726562658312873e-02
1.995049568343177510e-02
1.947674759586397186e-02
1.002471565166415668e-02
2.235787046487067858e-02
2.411171423343172471e-02
2.624520098192652251e-02
9.182518672975370500e-03
1.623295621166845337e-02
2.358527446159773555e-02
3.009132052982597949e-02
1.006032058530707124e-02
3.126583450500707018e-02
2.235926379567820810e-02
2.357587771861140158e-02
1.312531754079768187e-02
2.923434452135710571e-02
1.912994727830876623e-02
1.512061457674237358e-02
2.189443336618691199e-02
2.674028464632813989e-02
1.998301681479086600e-02
1.582472234600128952e-02
2.368641646270041451e-02
1.728435133218542141e-02
2.936970118779194672e-02
2.763594728687476104e-02
4.561322962690801675e-03
1.740808967527027878e-02
2.427980551081484334e-02
2.372538964003621104e-02
8.986050062875762523e-03
7.994690366090753675e-03
1.831527300330022812e-02
2.447623862743188161e-02
2.719914002241065332e-02
1.927858622942185685e-02
2.961936093040942741e-02
1.927616785049794668e-02
2.472918022193442561e-02
2.514905147956161130e-02
1.080667892252286377e-02
1.134659831094296523e-02
2.703679450636541776e-02
2.705421618336322637e-02
3.556711768187156841e-03
1.588093535315771021e-02
1.776592369764149609e-02
1.458467298178758170e-02
6.647906606040351885e-03
1.556543479016997411e-02
2.806311427797297114e-02
1.190645005085154418e-02
2.647743957684485505e-02
2.229321648666914013e-02
1.594453550736336239e-02
2.974213915053272594e-03
1.535435082441307525e-02
7.267160567126777770e-03
1.633103197365651932e-02
9.568297531114829113e-03
2.864696640975103459e-02
2.107134960715106864e-02
2.163906604354982194e-02
2.246527619815772564e-02
1.307109907303215940e-02
1.708414681476337627e-02
1.121898627977393342e-02
5.690700710356724756e-03
3.909356869509869603e-03
2.576512135236266876e-02
1.558242102088398112e-02
2.211770486480765102e-02
1.391738616171597775e-02
1.866902460204551695e-02
2.625050899392832732e-02
1.543529012242012000e-02
2.451891402943044002e-02
2.127780229870158968e-02
2.437195175888210580e-02
2.320954632348314062e-02
6.388755071279096642e-03
2.524838737925560322e-02
3.736097712505531687e-02
2.051303683308754872e-02
2.469501717653450196e-02
2.453654606998768861e-02
2.131321326327549615e-02
3.196964939397792249e-02
3.119471795559521088e-02
-2.234917027364030639e-04
2.043708355518884801e-02
1.379543168268859699e-02
2.568955670949019804e-02
1.830691438265998755e-02
1.535882288919854927e-02
2.965294656190243378e-02
2.744967656717383492e-02
2.137424805740788247e-02
2.351163023173118843e-02
1.312414861395905241e-02
1.313938350791840626e-03
2.233292641612519280e-02
3.003719914377708106e-02
1.100036446915785698e-02
1.132851542979714660e-02
3.720666962926003074e-02
1.492906538485411910e-02
1.860070573119226855e-02
1.666280043272845568e-02
1.594555875047190541e-02
8.836789793768423662e-03
2.556011553957267257e-02
1.908029342431521308e-02
2.874317937766607267e-02
1.981887867994795022e-02
1.253007623698718098e-02
1.899592435841793853e-02
1.013232402621182249e-03
1.626387584636244943e-02
1.495741085731609743e-02
2.330342055455951467e-02
2.182662620263405018e-02
1.609180105837821478e-02
2.361800740554120120e-02
1.538706733454271031e-02
2.595595288478781681e-03
2.422268624732885206e-02
7.180498234303181460e-03
8.194607760334614299e-03
1.272306193497171889e-02
9.045613231121192588e-03
1.889056498759143082e-02
3.179119981674516371e-02
2.534000193103822657e-02
1.069819191256606711e-02
2.024101142184938501e-02
1.562333890354743876e-02
7.657537632481732637e-03
1.729431868497151303e-02
1.418405139805318377e-02
1.578472441494763873e-02
2.465171487854896093e-02
2.364440337609983317e-02
1.875646709420374786e-02
2.081147567076069987e-02
1.497808018685222592e-02
8.632074785176399589e-03
1.397759817622252349e-02
1.815178406867822697e-02
2.221216624277023294e-02
2.254956286422487438e-02
2.522624140741105275e-02
1.985829503733879675e-02
2.036815552040326105e-02
6.943683699549986488e-03
2.433214080926333900e-02
1.202248624715384490e-02
1.979927113119198806e-02
1.692730179174955357e-02
8.109334724939673555e-03
5.657116111799059821e-03
9.688538050340707308e-03
2.202644450406204130e-02
1.646627273180584217e-02
1.284342312432839445e-02
1.213725918864330677e-02
2.080466142456567635e-02
1.041546359755338158e-02
6.843795964743451532e-03
7.820359007197096035e-03
3.550507342692348078e-03
1.725192265506594880e-02
4.142520804299137938e-03
1.517405663804194393e-02
2.915627977323419218e-02
1.901354694131299899e-02
1.740749416881210571e-02
2.855197406314730763e-02
1.485839536431660113e-02
1.572476631253282020e-02
1.545992525635744158e-02
1.097142089372005191e-03
1.631365462236089581e-02
2.646852197309278870e-02
1.639745646804188078e-02
1.583923839176776260e-02
2.089223980127682956e-02
7.528830797818922282e-03
1.346831474834951636e-02
1.400840090925827702e-02
1.252234995785025951e-02
1.848071670083073492e-02
2.323692552138257456e-02
1.678991338195746919e-02
1.174792580702815892e-02
2.095221852121874340e-02
1.889499718195700173e-04
2.208445090147897333e-02
-5.402661557399601744e-04
2.740370791831192587e-02
3.000521411026815799e-03
1.500895724667779957e-02
1.541943850610512368e-02
2.195336132295792192e-02
2.062806457801687893e-02
2.894015519457027175e-02
2.308983670228251239e-02
1.959592001924004984e-02
1.155008476822502045e-02
2.600142047753942892e-02
6.730429326520903643e-03
2.597607719835016288e-02
2.786937150866689028e-02
1.220992442758280644e-02
1.057642678613336662e-02
1.393063393081310497e-02
8.577343041570692495e-03
2.506472263883700174e-02
3.677338077923732185e-03
2.037694148703250718e-02
1.518521704606914241e-02
2.878929595891072113e-02
1.130876246698674786e-02
2.682583731982963321e-02
1.095638027754716054e-02
2.310359635313583015e-02
2.042441299796300680e-02
1.593735220302009564e-02
1.338702915577253544e-02
2.952005022606190437e-02
1.950666441536657442e-02
1.921811356691553035e-02
2.031291007928920367e-02
8.895793732631503137e-03
1.528925059532670883e-02
6.982297941924363316e-03
2.090594619592513886e-02
1.196513958191142840e-02
1.086481829271581517e-02
-6.330545846291828205e-03
2.372085395744567837e-02
1.847061611563467765e-02
2.895287730890414024e-02
1.926642911199783620e-02
1.342131501729842274e-02
7.590122663774560852e-03
2.152536587770764037e-02
1.955224610402198776e-02
2.862999892526135737e-02
2.408180633723489006e-02
1.921181978973123677e-02
2.408290602291719013e-02
2.718119633457549006e-02
1.705221461586286374e-02
1.978575833304579978e-02
1.495782968353201459e-02
1.515026458429322154e-02
1.714489688254892258e-02
1.519498681251471583e-02
2.471702757829712799e-02
1.669592573521952450e-02
1.813537593181448887e-02
1.691146424174658214e-02
2.259465636790692483e-02
1.649584335655134709e-02
5.638976940291313966e-03
2.358048739054759146e-02
8.567642059822730416e-03
1.295432564865800495e-02
2.214405477087962038e-03
1.507956860878156141e-02
6.280579728682254836e-03
1.613899436470660892e-02
3.297220226383412028e-02
1.814620557576695353e-02
2.580849960984576280e-02
1.624463803399758127e-02
9.731680610868390091e-03
3.299497679208444195e-02
1.366339323817489931e-02
1.954140558201342137e-02
1.208477837555930329e-02
1.652114339562641560e-02
1.746664324513167582e-02
1.569527393872070103e-02
