4.982188455470087929e-02
4.133020411661396387e-02
-1.103339707315630427e-02
-3.933575649713891981e-02
9.655919855226612059e-02
-7.561530194414071981e-03
6.180315848497324599e-02
1.153002302066443718e-01
-3.638544199274425239e-02
7.921548956972618294e-02
-4.557129467216237961e-02
1.032244633367472714e-01
4.855959782020488613e-02
7.620673247114262416e-02
-2.566730047709105469e-02
7.795159899304696105e-03
-1.369853260753955623e-02
-1.573740274409652501e-02
1.093904831605541778e-02
1.574898995951162783e-02
6.765633154711038488e-02
5.946638543909731761e-02
-2.177958879978328030e-02
6.574484523992063512e-04
-2.325106903208474379e-02
3.049055318602308245e-02
6.392419331948423489e-02
-3.812341902046780667e-02
-2.093845910293886878e-02
-3.735283726356581485e-02
7.955258127007956703e-02
8.786960703239940496e-02
8.633552991289063228e-02
-1.909259487364483796e-02
2.755490210982690369e-02
4.461371718635966793e-02
1.854391643709311227e-02
5.973044045168703770e-02
2.186219193708843767e-03
-5.195855836034938419e-02
-2.112850924652128273e-02
5.638209700072838865e-02
1.102963147139520567e-02
-1.497074661984239274e-03
2.122296719251610259e-02
3.064218602669509239e-02
-1.515691288673117615e-02
2.716958879754850092e-02
-3.652442192251859066e-03
4.430074607744764054e-02
1.808027775815551630e-02
1.762365579757008138e-03
1.591061785478063706e-02
3.822907919966702511e-02
1.074579153503208567e-01
5.057779754909041275e-02
-3.036001689799751671e-02
3.668937899840477024e-03
-1.151034107593137609e-02
4.370776063674862433e-02
2.701099531990800579e-02
2.605410862603747130e-02
8.492236433642641469e-02
3.271506406154307128e-02
9.321195612125823815e-02
-2.733253181458657546e-02
-8.484144925951422195e-03
-4.484284597834872765e-02
2.116065735374695472e-02
-2.442840602564923941e-02
1.088350790352674013e-01
-3.883651304738136578e-02
2.622147613865158378e-03
6.425183965514399964e-02
-2.557768804647805524e-02
2.373729384488944272e-02
-6.114993490227772083e-02
3.772132686521412898e-02
-3.330831586197825767e-03
1.342949092764316454e-01
8.140662759852235197e-02
3.575397703670051691e-02
1.272423234836621286e-02
5.002598870153895927e-02
4.728488442008235010e-02
1.632538861345853021e-02
1.658124955073539408e-02
-9.341798030943489206e-03
4.135124173554208943e-02
-9.673879828899369093e-03
4.539665691639355183e-02
2.501900613372052412e-02
-1.564928138718793549e-03
4.884603750610891360e-02
-2.017011992290420122e-02
8.524017406299697064e-02
2.543886507305487266e-02
5.364526148801993660e-02
1.778236740368978330e-02
-3.067063775244446844e-03
2.967319891626665068e-02
4.243984762636237446e-02
7.855439248111488471e-03
2.912063874307436323e-02
3.237913237155463225e-02
2.947905081181578790e-02
1.611358895739849195e-02
5.600755764059221764e-02
-3.621756038144165191e-03
2.781483683025658821e-02
1.189015075170796187e-02
4.810413200928955607e-02
5.472638523499503277e-02
4.708657358051760583e-02
3.867485320283280820e-02
3.290036688112156493e-02
5.806313488188351996e-02
2.741935850148152082e-02
3.483055917003345658e-02
3.327896020801757171e-02
1.428852819345938496e-01
2.072296121276092501e-02
2.704987973628562165e-02
7.557539499187027054e-03
1.717874329982017195e-02
4.594782897704676600e-02
1.650106648283800048e-03
4.289864602657333936e-02
-8.939457357523365733e-02
-4.180549528436292711e-02
-2.721231579358109748e-02
3.681254488017916826e-02
-6.762415643806210519e-03
-8.925007050148831694e-03
1.074851932081925532e-01
-3.696798764909754731e-03
7.207195234059049493e-02
5.438059190328999731e-02
5.029343823590043394e-02
1.059204447314705672e-01
3.886623371869803861e-02
4.720913455654520557e-02
7.776629280349114937e-02
-4.617148840229733098e-02
3.219930428548985202e-02
7.170493733192401242e-02
1.368746978012477800e-02
6.535234637738371322e-02
-4.280187083830709616e-02
1.098771855474928866e-02
1.259112965904085613e-01
3.221311978217038935e-02
1.852638975797472887e-02
9.103739070661127919e-02
4.499949448608031588e-02
1.754477537096114925e-03
2.444439041127998563e-02
8.929492518657781985e-02
3.355929366924111090e-02
3.044089785463466313e-02
-5.822263604404082082e-02
-2.512010164388475339e-02
-2.249130285238166299e-02
-2.652644096397711176e-02
-1.282729922882689527e-02
4.102771999188726398e-02
8.044831748094465051e-02
1.885917283808141026e-02
8.215570318638190650e-02
3.862697039822988315e-02
-1.147182105489723616e-02
4.539561647804321587e-02
-3.732947488975581901e-02
3.043645008321255174e-02
4.564493467942259963e-02
1.053861140631511401e-01
5.391226037275625993e-03
6.798388437578789523e-02
6.492965514261109239e-03
1.499749072600773531e-02
2.821261433430717613e-02
5.461455776501013271e-03
6.429980067107257669e-02
-2.321562787693764660e-02
-3.900062505191401185e-02
1.046818535848752230e-02
4.330543797291826202e-02
-3.834954570711099353e-02
1.573441077980913816e-02
4.434377488981935955e-02
5.198094859761472758e-02
-5.593167328352441348e-02
-8.583545774444129028e-02
-7.337663616227854679e-03
-7.865183201771454302e-02
2.252494122094138296e-02
5.517057818130954167e-02
-2.487708160379820815e-02
6.828883184226960945e-03
1.096528215649488353e-01
5.772390218883000079e-02
1.136238808846092019e-03
-3.740815950222634717e-02
-5.976418315141501791e-02
5.642285966604723702e-03
9.933997292645317667e-03
2.866257178674858769e-02
7.759733596110982012e-02
-4.790790619195429284e-02
5.426134904975208478e-02
9.996572880169071751e-03
7.792639702566278581e-02
5.689129546821204003e-02
-1.732279458530871369e-02
1.111912227494445127e-01
-5.305693571095047856e-02
-2.726416905099314850e-02
-5.528016068818334544e-02
1.540216628143670219e-02
6.342306481519668915e-02
-2.279595194257141161e-02
1.988166085706712105e-02
6.718093044058889851e-03
-6.430988297828924005e-02
2.791088774543419582e-03
1.036698986367999425e-01
-1.721221591397642178e-02
6.219326812624535045e-02
3.093476839216986046e-02
-2.186294252077905509e-03
-1.039547688830157537e-02
-2.691904286719647502e-02
-2.719616254863658350e-02
-2.115821373897648974e-02
1.517598170769819677e-02
6.254147056072142941e-02
3.425487189160800194e-02
-7.926513035951401193e-03
6.827682966587383939e-02
2.168847042429843802e-02
1.935274849426690119e-02
1.548958554298172224e-02
5.689971857511843395e-02
6.907296437762291963e-03
-2.074709324451612033e-02
-9.539116054055434002e-03
1.088506474780062683e-02
3.289720391395076216e-02
1.628769514414796227e-02
7.514228103587938801e-02
2.379285684125879985e-02
1.547703269608019516e-02
-2.140025605946541815e-02
3.263903045382955670e-02
8.541031597057011093e-02
-1.881308193639290999e-02
-3.253373966148220831e-03
3.681835656304966592e-02
8.553051261945075756e-02
3.043356992217318563e-02
1.604834659488334203e-02
4.185922984493011673e-02
1.115346846663326369e-01
-2.330156306145858558e-03
1.006045563224618605e-01
5.294634951945792478e-03
2.717235842399302881e-02
-2.486605691635819862e-02
-2.805641030096604066e-02
6.408630964044453870e-02
6.037824055308991383e-02
8.222864787467784597e-02
-2.369853669723413075e-02
6.984830580636289254e-02
9.903801215749578890e-02
1.237776705742897609e-02
2.145428931689476876e-02
2.024237989654358028e-02
1.001536197417560864e-01
5.278524876891060869e-02
-4.289080282040197423e-03
2.066224577719664307e-02
1.228788394501639791e-02
3.774026167445678620e-02
2.192503064273827740e-02
-4.293239041026311598e-03
5.082595223574578464e-02
-3.104261773111723771e-02
6.369225589543262012e-02
2.155168784085582934e-02
7.186109990239622491e-03
1.179978771342245214e-03
3.084911529873460984e-02
4.556981164559391340e-02
1.542003922767232194e-02
5.230327869172068239e-02
1.793182078643491828e-02
5.148111107769888506e-02
1.029158552115877617e-01
1.484311204305160947e-02
5.571013940290678312e-03
5.767418673062005285e-03
5.612894140012523320e-02
5.691929247745698695e-02
6.570663168217327765e-02
9.256864964615932334e-03
9.205912712489330851e-02
-1.337870658325415046e-02
1.031782832150621582e-01
-1.762743578242965264e-02
8.308259106281615236e-02
3.102527673676603454e-02
3.243953375060857486e-02
4.820562709938303741e-02
4.527727651612738213e-02
-6.978047308216918376e-02
2.747171946233462753e-02
-5.528037756993478546e-02
6.455896182430134744e-02
2.579773792349780714e-02
-8.914852906245704367e-04
-5.096710574726541487e-03
-9.622912961730730602e-03
-5.160524373216408833e-02
5.462257247903883062e-03
4.436043332825628793e-03
3.107668849281673695e-02
-2.727199218133040740e-02
8.179610414206583968e-02
5.058443646439078623e-03
4.415334418739522149e-03
3.217324258179575514e-02
3.642258514001459058e-02
7.278410848105215658e-02
7.423559395021958607e-02
5.108438570724381511e-02
2.191934026692363147e-02
2.755618885688539826e-02
-4.745678963299360120e-04
4.574358515629329408e-02
5.499901113573845562e-02
4.672297829696196031e-02
-2.486854142402430273e-02
-1.174390380160272515e-02
3.599832615394848306e-02
-3.080527591156683245e-02
1.948814120148312928e-02
5.377431435834049284e-02
1.199870851524543341e-01
3.240314467286952577e-02
-3.210298390806884394e-02
4.362865963590256690e-03
1.097870913070696230e-03
8.008667668210039947e-03
1.511336670402189247e-02
5.487762360816211132e-02
4.208466445452340582e-02
3.700389898731949040e-02
-4.786704767746087497e-02
6.788451140935278239e-02
2.365635963773358302e-02
9.340534417461385241e-02
9.447183851277955735e-03
6.736302034392518956e-02
4.125950087719967158e-02
2.891606798235817066e-02
4.438379213726953432e-02
2.417010327186189245e-02
-3.427195140116245931e-03
-3.153045711582719290e-02
-5.373119088499601903e-02
3.845670328945940269e-02
3.034316147654374241e-02
-1.435760716488671679e-02
-2.665779615444036771e-02
6.190167141337007267e-02
-3.815381150017267686e-02
1.841293565009474720e-02
-1.703571256010324303e-02
3.296621915603958203e-02
9.970235004944663637e-03
5.560768907363581454e-02
3.809192834537799416e-02
9.785654438048359272e-03
-9.309467341668195561e-04
-9.991717510123721696e-03
7.829305512578665915e-02
4.092264850297262085e-02
5.574167030112110732e-02
7.525445123118562618e-02
2.041904989621537436e-02
4.686811821266799460e-02
-1.509868509243641327e-02
-6.734230611462985183e-03
-2.699167804427593173e-02
