3.160244963259919992e-02
2.660913702990472252e-02
5.663860556074439695e-02
2.377972024862929495e-02
1.154240776878973779e-02
-3.363165062276374240e-02
1.754524198346734537e-02
2.812178155984953326e-02
3.614125156405584988e-02
2.507398000534417221e-02
2.791935686374130698e-02
1.876664926527949612e-02
-3.143347424758267949e-03
-1.778951911012315035e-03
5.289351343215897838e-03
3.146406671512283482e-02
2.981569262918881691e-02
2.969501653722694118e-02
3.666391864329061195e-02
1.801896563433897508e-02
3.012093605878464475e-02
2.633032934242982015e-04
2.552558191746662208e-02
7.823813096662951549e-02
1.035031053775934545e-02
3.388682094890011626e-02
1.265245854927255637e-02
6.872535893713641042e-02
2.582936521726482415e-03
7.785635540042158687e-02
9.502133409408357323e-03
1.441851687422312372e-02
-1.466046796161273383e-02
6.356240000675170143e-02
3.589984911850772203e-02
2.358233224710504922e-02
9.138754933070543374e-03
-9.350565683996683863e-03
2.765979752262751751e-02
4.949120646786561717e-02
2.987466261512877752e-02
3.914672982786894517e-03
-2.759122122873632413e-02
1.914622453964746202e-02
1.845934903398236543e-02
-8.563295342288210210e-03
3.768756688430167229e-02
3.990492620687173531e-03
3.543766061847925669e-02
4.118356710605586279e-02
1.690717818918190118e-02
2.358570281013346037e-02
-1.490412337379488916e-03
2.866157888646479746e-02
-1.808020481012014707e-02
3.785452820199909640e-03
-2.136604281988127574e-03
-2.975243946932215611e-03
5.811939934224956417e-03
1.233384418436644231e-02
3.278974140628990869e-02
3.504660465491909321e-02
-6.547342495463820411e-03
3.370847106234733936e-02
2.002791868182431101e-02
5.005149870278351176e-02
2.642748365856170678e-02
4.804554096304063104e-02
2.696863364455475559e-02
2.247224127105523078e-02
9.275514799097155094e-03
2.228629355590832500e-02
3.952282034169422864e-02
1.484014444338691008e-02
1.270884966025153523e-02
-4.121216487422770663e-02
3.245592610271055140e-02
8.131742176567084701e-03
2.769734762520192212e-02
-1.249801177204427904e-02
-7.086051330763815104e-03
1.595272567051165408e-02
5.141910346834936002e-02
3.092294068575023730e-02
4.094946782128079665e-03
5.259877011594414620e-02
5.065526136740206714e-02
-1.169832610680703044e-03
9.632708970156875217e-03
1.676353659521675338e-02
2.174913016635678098e-02
8.966608059475959791e-03
2.412632079486442399e-02
5.344990682577190066e-03
4.804950403600002917e-02
3.473673794484195138e-02
6.063843911878290943e-02
1.745795123657700731e-02
5.250508149253171886e-02
-2.178546786781566935e-03
2.014361201013423891e-02
2.242226411231047767e-02
1.262812761518355281e-02
2.263455217811072284e-02
-5.909065366135862751e-03
1.542842210750803439e-02
6.073016157265519188e-02
1.561389507584034358e-02
1.647200329407973174e-02
6.340393184473966381e-02
2.220254528805529204e-02
3.408073069539059585e-02
-3.352631041232237430e-02
4.773445981521185627e-02
2.441480643224363395e-02
4.356543900713513023e-02
9.543312001059976735e-03
1.295994564552709755e-02
2.690962988941138223e-02
5.118510167498217106e-02
7.448280327530865108e-03
5.882655954653308317e-02
6.161827656015309018e-02
3.740656136350407890e-02
1.655873322154970823e-02
4.515591987449990574e-02
3.000929658741281758e-02
2.719800888183582926e-02
2.965173864964815859e-02
6.476430053685230948e-02
1.199067304358111125e-02
3.845519978013044182e-03
3.942079430213671354e-02
-1.273593381989749501e-02
4.960619889286325274e-02
4.679578566772885778e-02
-3.944405371947969086e-02
1.024188486870394876e-02
3.511431024076504259e-02
3.166437677731250011e-02
-3.479152062145475510e-03
-9.437692636726224826e-04
-6.552119774457305923e-03
4.850043069535230067e-02
5.200207852743941872e-02
9.801738993648397014e-03
3.434657786882518854e-02
1.307060498558374612e-02
4.027075085202224541e-02
2.673234921295885441e-02
-1.872916937935589082e-02
-5.326248258790494683e-03
2.849242725271702859e-02
4.721929644765732875e-02
-6.474750747072342827e-03
8.409212992590772706e-03
3.296853378943035567e-02
1.705422233144548994e-02
-1.120148035545900228e-02
2.102487718622867569e-02
4.216429790808395861e-02
1.330133581393846964e-03
3.425304861294607012e-02
1.716381674097200438e-02
8.182540094644245865e-03
-3.442547664510339778e-03
-3.422457190221002421e-03
-1.046959458518836178e-02
8.769844718522337712e-03
1.892274051494964582e-02
4.925788557074019247e-02
3.990835287365848694e-02
2.821748339909514042e-02
1.856253508079361292e-02
1.591599687037736910e-02
2.541987080895832807e-02
-1.251010227687756465e-02
-1.149950564746075182e-02
-1.407795297711519206e-02
3.345910005245533725e-02
-8.121861442179426072e-03
3.735455685050687036e-02
-7.424750355290714310e-03
3.449875324681377087e-02
4.032081866254542957e-02
5.812057245528932936e-03
4.196490894631271784e-02
3.714826539178872622e-02
3.294846026264416916e-02
4.298900200663704346e-02
-1.834808719063031612e-03
4.325161876713029541e-02
5.464679229903316587e-02
2.591519113650603973e-02
3.342908339009706409e-02
4.429048753826440171e-02
1.964418588936151649e-02
2.912387954617912111e-02
6.345632732189154801e-02
-2.161604578991973419e-02
2.222813683973456911e-02
9.989934163543844059e-03
4.247680851972648192e-02
2.296346050596553834e-02
2.608672315579759621e-02
4.537470826480283909e-02
3.156701237454759279e-02
3.590144678561072583e-02
3.373347687513597593e-02
7.421116844915837119e-03
-1.288109507837372977e-02
3.458922454698174637e-02
5.501409231589905052e-02
-1.737966398647649777e-02
8.109410171613096185e-04
5.263982467175275931e-02
1.513835560251568235e-02
2.950118524966269945e-02
1.508292363588550900e-02
2.039088751195884675e-03
-1.410653483088302254e-02
4.364870359032332198e-02
2.912024134810186488e-02
4.775794820574603972e-02
7.653644787218256973e-03
1.014688592895085506e-02
1.371118953551806602e-02
-3.807593377137067497e-02
-8.560771395963888419e-03
3.127298723912424333e-02
3.979465465954155207e-02
4.650251539416520169e-02
2.510270277338692846e-02
2.760955054408674447e-02
1.084699275763213039e-02
-1.617096265496939175e-02
2.196891669631854949e-02
-1.189212128418060815e-02
1.464073036448909626e-03
-1.353427231608313186e-03
6.061677961866490660e-03
1.167160843894555350e-02
5.328112450828530189e-02
7.932934389752711868e-03
-2.261349707772419837e-03
1.107217632900200227e-02
1.680830497918554822e-02
-2.608783653609739878e-02
1.603933391753598059e-02
-3.294423195653935210e-03
1.917723967396758877e-02
4.366151362899902549e-02
3.095395484196934027e-02
3.056445539583844268e-02
3.846180576311463567e-02
-1.051298012767178103e-02
-2.118894098012848864e-02
6.709356185335968448e-03
-1.495212978299804291e-02
2.319063354595442966e-02
4.068066823991040720e-02
6.201964626941536968e-02
2.380468645526721827e-02
1.179204094392333202e-02
-3.991110042646940637e-03
6.528313078580932904e-02
1.544277942149709093e-03
1.986439160321713804e-02
1.191622775800623563e-02
-9.972563152289760924e-03
-1.571012313641423006e-02
7.786336793316528393e-03
1.893775615283646574e-02
1.400079151246883674e-02
1.174346568903107679e-02
2.736215355686612283e-03
3.460344242544170779e-02
8.955259492356891504e-03
-2.831279625564613045e-03
-1.800751692718145086e-02
-1.824759036343646251e-02
6.563482786748536801e-03
-1.262425113818390482e-02
1.953357196794656275e-02
4.515742541071817578e-02
1.123548937667359637e-02
1.236089110336885399e-02
5.895158871596473116e-02
1.499971082792875277e-02
7.295101622974468902e-03
1.256673648823606465e-02
-2.356190733094472994e-02
2.773493748833361083e-02
4.164176514074913182e-02
-1.785017746566704144e-03
4.688061438867296982e-03
3.421941378419322138e-02
-1.215015815593017967e-02
1.000790324128655873e-02
-7.985233415283926606e-03
8.485303204460566129e-03
2.332366841128421381e-02
3.084080944666504898e-02
2.566252405564936612e-02
-7.577366204402316563e-03
7.676361031411567393e-03
-2.689817830929457781e-02
1.825970901652750056e-02
-2.557891821977397936e-02
2.595257731440306359e-02
-2.909221433103176963e-02
1.581060136413708905e-05
7.671237261112226480e-03
3.891615627569667418e-02
2.667361888141433351e-02
5.221143565530092512e-02
3.077730075299138501e-02
1.981570077763526033e-02
2.018906587195202357e-02
3.952541661085150204e-02
1.436066444784379198e-02
3.779929463859546535e-02
3.077123697899081245e-02
1.861810754007019175e-02
1.274337121459777344e-02
5.410119394835467832e-03
2.374204584960425135e-03
3.369577615407233495e-02
-7.357928650604639298e-03
1.598032377900220763e-02
1.422667411629386508e-02
4.144981398016509694e-02
4.293528640858246259e-04
9.536366077107817640e-03
8.797234878048468265e-03
2.141224672358412601e-02
2.782847685412635080e-02
1.513569076873486074e-02
1.202298099292499478e-02
6.748107006657363960e-02
1.173223358878881795e-02
2.479161987043213000e-02
3.461706591924777754e-02
-3.979049208748502986e-03
3.135018059546772901e-02
7.362563499569763081e-03
1.124170114622832783e-02
1.408250867939990492e-02
-3.499483989186452648e-03
-4.386737157861711478e-02
5.067456771916866581e-02
1.206813526836010564e-02
4.696585359014471966e-02
2.833642234009146194e-02
2.615144351221697361e-03
-5.615050469495119767e-03
1.749963648212028711e-02
2.748379808615600967e-02
6.257159646750359849e-02
4.109926081335057296e-02
1.548063378547726021e-02
1.919419631701934498e-02
6.494309031544195920e-02
2.615591680561745597e-02
3.470131377861791766e-03
-1.654411444081779758e-03
1.254281208616968291e-02
1.045836233551229733e-02
1.592774563046334135e-02
3.197949942228146825e-02
1.931340511057776793e-02
1.468394809370119486e-02
1.754258736930254525e-03
3.430215088081239178e-02
8.544385066315988986e-03
-6.079866157344536448e-03
2.362093541315093970e-02
-1.347302281053965739e-02
2.381973145417807386e-02
-1.629095908463662132e-02
3.490259032810770490e-03
-1.032567693775195139e-02
1.903610166392810665e-02
4.687849423990616410e-02
1.780607564906398765e-02
3.437606495923720834e-02
-3.153964028263997466e-04
-1.507447408261788219e-02
4.744387483199496297e-02
-2.046167310530543418e-02
8.591327441799939679e-03
-8.108581277930050624e-03
2.894710000235403702e-03
3.739097305300061180e-02
-1.268914028144906697e-02
