2.660488620371206925e-01
-4.963233200998711792e-01
2.274653564432835284e-03
-1.516417551715700321e-02
6.719912160772885112e-01
-1.745120741429157657e-02
3.050011775472574738e-01
-8.596061552144300677e-01
3.634042159786821102e-01
-1.397142325005903130e-01
-8.100807546981979579e-01
-4.943037614324674589e-01
7.220052063836679412e-01
6.817093089122459038e-01
3.010614488256733168e-01
-2.540434905378484709e-01
-7.287453101693986968e-01
1.874618030904147137e-01
-3.108732975696182899e-01
-4.285840463834826863e-01
5.130470884591052938e-01
-4.487769455297144217e-01
-2.168671827931109228e-02
-5.115751415498570598e-01
1.270899759956153341e-01
-4.353337441785956607e-01
7.411033010543676136e-01
-1.828017550166546046e-01
1.871506044023322213e-01
-4.358196213673738995e-01
-4.117683744953546943e-01
9.075962229725138830e-02
6.960337956828199779e-01
-5.761043931609327595e-01
3.612362518292595581e-01
-9.450148028739917550e-01
-2.941383206191284794e-01
-3.336307983676240485e-01
-1.707598985218865273e-01
1.811010747124836007e-01
4.174268896514591320e-01
2.659116184314226916e-01
-4.561932456965082233e-02
-1.776649714369893385e-01
-2.060638128261928770e-01
-7.726956751380175126e-01
3.914761252135136038e-01
8.311684294140248008e-02
-1.453081185622668303e-01
2.881382398839201636e-02
-1.249728268725718155e-01
1.730705330507195383e-01
6.937632942993376961e-01
-2.614333067224116625e-01
-1.086496490985411567e+00
9.357493229077468166e-02
2.799517106105332553e-01
-4.637376936884124445e-01
4.126738112696894389e-01
-6.363145814798412125e-01
3.242998551714629252e-01
-4.143372128783546771e-01
3.256459887995150071e-01
1.469180388244700208e-01
-2.525305337388220051e-01
2.142621283142825406e-01
9.921861949888877152e-01
-4.000332512044131872e-01
-5.617634594467314502e-01
6.769192743850875882e-01
-5.769012253520915401e-01
-3.864210979741529162e-01
4.094547713561499935e-01
-8.709163257501368882e-01
-6.357336480360216147e-01
-1.539693424564404778e-01
2.061456254243880792e-01
8.315699686336796015e-01
5.305878320988848262e-01
4.592341294946052366e-01
-1.621366995418220824e-01
7.341064633686611440e-01
-5.016964035161909363e-01
-4.032912472035584672e-01
-1.452581698736176430e-01
-2.269343477774400999e-02
6.906485954532456395e-01
-1.378493225647331455e+00
1.201309026938859881e-01
-1.602626262073497329e-02
6.451699061232978316e-01
1.675832253179324327e-01
-2.551966883445259682e-01
-3.923963412246566085e-01
-8.490789592145869813e-02
3.347030463572734371e-01
6.547683260640209113e-01
-2.019697665113377727e-01
-5.584390245557120380e-01
-1.341003507398139116e-01
1.416575374029308276e-01
4.588153903096856001e-02
4.353292852147045561e-02
-8.786010611670201920e-01
-2.311187576242492714e-01
5.966656558441438829e-01
5.788378182113660397e-01
2.495727078615886940e-01
6.009464730411250288e-01
7.725037027904033127e-02
9.457579501563161128e-02
4.378867556224306234e-01
5.994385270534944299e-01
7.529098132537201948e-01
-7.505429964713610236e-01
1.790318524742043893e-01
-8.484612041119367343e-02
-9.387831516237729046e-01
-2.018057969523592010e-01
6.807377260498499727e-02
-1.454460041278181071e-01
-2.665412519901205757e-01
-3.262288343362986232e-01
7.201899375260898406e-01
-3.065574278270046804e-01
3.200620403125513103e-01
9.111441695905165838e-01
2.296282796294566442e-01
5.552522230209098186e-01
6.119848411518775955e-02
-1.608624667593853419e-01
-3.451158452538918842e-02
5.269446712310685843e-01
3.993489575869594299e-01
6.013275349083955224e-01
7.664169528742063864e-02
-5.130622614540346627e-01
-6.409593958458234542e-02
3.003265811781558048e-01
-6.881452395122967802e-01
6.267843514499028545e-01
-9.060593877675721108e-01
-9.992428978466351419e-02
4.787190277219328660e-01
-1.235163508581871294e-02
-8.020771675539099810e-03
8.255971066669419434e-02
4.019173242025522175e-01
-9.057300619491809313e-02
-3.638280492818948136e-02
-1.532483111565544065e-01
5.654870840493927409e-01
7.347559316407457075e-01
2.868402092677259096e-01
-1.225302673751561822e-02
1.900378681424023941e-01
2.616714978048475526e-01
1.808119287841622180e-01
3.208911358403416791e-01
-1.702820031783350840e-01
2.678269950984909498e-01
-1.134542067094394258e-01
4.099601368661919265e-01
6.259681016287152455e-02
-4.186293404806640944e-02
-8.767944489641197325e-01
-6.006591525152772393e-01
2.443961788035162175e-01
-3.355942028626390794e-01
5.065748531992015913e-01
2.430463243402207207e-01
3.209368078234078880e-01
2.007139214944326511e-01
3.024287159258156610e-01
-2.140849279588609710e-01
-4.536954269593045375e-01
4.458141279354292663e-02
8.215588378590578111e-01
7.681052131309290543e-02
-7.246229539612971671e-01
-5.510095821908348457e-01
7.620179093941908954e-01
3.780412251402448520e-01
-6.094973591269387675e-02
1.165244299233871850e+00
5.397231223011939028e-02
-1.007110756162398424e+00
7.740646399270181277e-01
3.683864365895659354e-01
-2.284003778694106424e-01
-1.096524503316900767e-01
-7.963255764551862015e-01
3.948143072568853773e-01
3.534239481722891152e-01
3.814969543716268952e-01
-3.323241103827451193e-01
2.989712359340613440e-02
-3.148011960623967043e-01
-8.392792869183252069e-02
-4.606066391735478271e-01
1.509343460261672321e-01
-1.260242641533767527e-01
-2.752759113585834250e-01
3.755432744849206417e-01
3.264009901006240111e-01
-2.293844877019977080e-01
-2.099019491014768590e-01
2.466603280778821849e-01
-1.826864224542301685e-01
3.604717818159247078e-01
-3.037881141241062788e-01
2.316123793553478416e-01
-5.249037538624027471e-02
2.339987945774679168e-01
1.984421743144879624e-01
1.926196486614693282e-01
-3.799580203342178830e-01
7.846816591712398037e-02
-3.961179815408785720e-01
4.045890865031235295e-01
4.206455172437069123e-01
-6.543782958052289933e-01
3.268682682765600145e-02
-9.490009129007695443e-02
-5.881551353245184632e-01
3.868418935023091310e-01
1.646831208875247088e-01
-1.428681344307148327e-01
-8.283486463711353665e-03
-8.414387453171040532e-02
-4.190540690117751654e-01
5.235741694465796403e-01
-4.452603856404300370e-02
7.311457640273547609e-01
2.420968581907371742e-01
6.221703894061064027e-02
7.087302150724114069e-01
-4.759475174190490598e-01
6.747387947318342349e-03
6.783646537274937161e-03
-8.321677993987403044e-01
-8.626594469598695969e-02
6.587784414156595547e-01
3.628064245892437811e-01
-7.607402850476119305e-02
3.341338261879910898e-01
-6.590013856630549949e-01
-1.292246377099783849e-01
4.676187046551082832e-02
-2.006329327394773543e-01
-1.288005815221242994e-02
-1.888526801924563514e-01
-1.056287550122911867e-01
3.213038734669856206e-02
-5.817981488385218780e-01
-3.893567712779018586e-01
1.423676744581781062e-01
2.948132356164071544e-01
8.129097370774045206e-03
3.350423788347122178e-01
-5.139107762203719287e-02
-1.759898732251843900e-01
-2.543489110925452601e-01
7.417777499569515598e-01
-4.500372073129789152e-01
1.469934434231164877e-01
2.283851672938566890e-01
-6.184363728490517298e-01
8.388689996580321606e-02
-5.892307308836587654e-03
-5.524208341362746300e-01
6.517637832858200753e-01
4.626502200652569258e-02
-1.672973756243066046e-01
4.283237117716226505e-01
5.663741084758280309e-01
8.484893381730987394e-02
1.046887081751746024e-01
-2.177671765056525890e-02
-2.295277495456475858e-01
2.593229163139850191e-01
-5.003863852755301433e-01
-3.384890731892190585e-01
3.143713464144025638e-01
5.762155476221807182e-02
-3.977187299748996541e-01
1.248606173589398072e+00
9.289213575211759111e-02
-5.630299629513060289e-01
-7.347220942762586748e-01
-5.154358285474259782e-01
-2.931459518826085714e-02
5.801015176889626757e-01
-2.957139676810819351e-01
5.210952897797243022e-01
3.871123737550112298e-01
-3.765789865739886388e-01
-4.408333604915113391e-01
-2.315638854727227747e-01
1.992404307639922822e-01
1.332005566779495553e-01
2.886088362013979891e-01
5.258749475127166839e-01
3.012096517491499870e-01
-1.251146778137533777e-01
8.648762943249108104e-02
7.515765691080321664e-01
1.321093361077319284e-01
2.522935890621180177e-01
-4.333721990619966991e-01
-5.028772324159479501e-01
-2.153268167173428560e-01
-4.211757744839230155e-01
2.047873886216436123e-01
6.547567232626513301e-01
2.458621030025994747e-01
-4.252698731715063435e-02
-5.355085317934554778e-01
-1.485368245743218241e-01
6.550563907711451916e-01
6.881202202549776548e-01
1.493474685260538781e-01
-3.786910301426061887e-01
-7.040169840841906668e-01
1.036668833704683379e-01
1.227089558725350804e-01
-7.744770438808498136e-01
9.264008448188379430e-02
3.754721365271981859e-01
3.601377165835361049e-01
5.355870919617192749e-01
7.355987537161476353e-02
4.452277208841354805e-01
-5.617023199161297331e-01
-5.593445677698289931e-01
-4.311567387796110679e-02
4.920019183740052537e-01
-1.812190146578218294e-02
-9.512967255544839684e-01
-2.170349101038417938e-01
2.737914051863615250e-01
8.297680380206828854e-01
5.685432810729096342e-02
2.088506240133778669e-01
1.444154840394589745e-01
-1.063808056483530828e+00
2.867106278326709279e-01
4.801908571182627039e-01
-5.071486794583932589e-01
1.035438664153363747e-01
-1.327914750427879875e-01
-4.750129059310976287e-01
3.086094369008651195e-01
8.897090344979847742e-01
2.530584344868199165e-01
-6.619479762800289935e-02
4.273129917032809644e-01
-7.954652205473103921e-01
4.420648512865856805e-01
2.719219035469094825e-03
-3.757113533630942331e-02
-4.019897940076287424e-01
-1.867574040333897512e-01
-5.678627649056640359e-02
-2.732318345861785014e-01
4.492563789513654565e-02
-2.543736436261491152e-01
4.724477804100368217e-01
3.594682265317059588e-01
3.188928014888224860e-01
5.296602425563597949e-01
-4.129292784855208009e-01
-2.976371203465901991e-02
4.477482396863162739e-01
-2.964929365137323747e-01
8.404831754588728554e-01
4.312595939514657917e-01
-6.299296041830705628e-02
2.837395382059728077e-01
-5.452262115236883311e-02
3.614110403118696024e-01
-2.087144431452025439e-01
-6.685913241426803821e-03
6.440365386716987439e-01
-7.564406455276940777e-01
-9.197447136837639814e-01
-2.914597429895354752e-01
2.918211529694882123e-03
6.775876909767158951e-02
6.901843854474847273e-01
3.578311617607971562e-01
-7.738447986604918283e-01
-6.281282252335068650e-02
4.204436368849787664e-01
1.488450185236551704e-01
