6.379539046521083279e-01
-1.871202673329796229e-01
3.069380506889816673e-01
6.992196936524206485e-01
3.885823969732206118e-01
1.059042719674335054e+00
-6.457662670744102051e-02
7.248386567092122146e-01
-4.074201715363391929e-01
5.649696648937244658e-01
6.020504895838983961e-01
5.605044684079187878e-01
-9.293553917371029094e-01
6.868120212160676585e-01
1.624458538010014053e+00
-1.246024371141846387e+00
7.346386136246539633e-02
-1.514806847203164386e+00
6.522670559756791331e-01
-4.261810923737451851e-01
-1.706137574711557026e-01
4.611130407128097852e-01
4.489315585442663625e-01
5.838766517249734944e-01
4.130298095775252198e-01
1.030701054174791409e+00
1.072534816204769870e-01
1.379250527904900769e+00
-3.080394935070297491e-01
4.400072484484692237e-01
-2.318373015807275173e-01
1.531553883588714138e+00
-6.038714081180356352e-01
-1.350643983719055807e+00
-3.243292310967000325e-01
-2.099526288488523518e-02
7.899679839102027312e-01
-7.523917409491055475e-01
7.821228914714363212e-01
-1.156862946919411800e-01
-1.585665395306630199e-01
-4.847053368351981750e-01
-1.888820631241982795e-01
-5.622881601666716023e-01
-2.574733731684799576e-01
-9.399109086447603456e-01
-1.183284445014456177e+00
3.815934446660999013e-01
-4.883455962875092871e-01
-2.543922980715914231e-02
-8.421022349144240415e-01
-3.202806186353756579e-01
-1.142605390822866163e-01
-1.354724743210795390e+00
-6.795503074130350429e-02
1.064158920710615908e+00
-1.725408627494868230e-01
2.401620725269187906e-02
1.557085351109571414e-01
-2.627921831962726218e-01
4.112236515305953133e-01
2.071811808531314747e-01
-9.602194115958674336e-01
-4.408863897410798538e-01
-1.217303908982841687e+00
1.663156296090701813e+00
-1.667570124466290771e-01
2.060654947839508089e-01
-6.487716920477015758e-01
1.214719592587215846e+00
8.799261670204000518e-01
-1.229924601400814055e+00
1.808437416710246159e+00
1.009496157608322786e+00
4.100806110192972698e-01
-6.644205044789528447e-01
-5.638993722510605711e-01
1.654767207777402938e+00
-9.729457179441938219e-01
1.036407208656939583e+00
5.060921691512668685e-01
-9.096485783347452170e-02
1.293991581153674519e-01
-2.133668319826358961e-01
-3.513442002010101484e-01
5.398204512278554912e-01
7.221659789371850380e-01
9.460613440015315234e-01
3.503736564042967960e-01
8.883471058565731715e-01
-9.078404049898883832e-01
-4.149851216828384648e-01
-4.220571560977923187e-01
2.320739417203067367e-01
-6.480478781993781467e-02
4.797394539961914450e-01
-8.249500944527394797e-01
5.417835355321929391e-01
-9.943120975590404864e-01
1.861241012382043314e-01
-3.648838533760693226e-01
3.216552714428414506e-01
-5.519148088338141633e-01
-9.098463246963892637e-01
-3.434315069049032609e-01
6.318208910565312753e-01
9.941590228356804726e-01
-1.623060883777711849e+00
-6.260914362171710046e-01
-6.604689254862465830e-01
-1.087676354326024386e+00
-8.535954193364261311e-01
-1.485433275828784982e-01
-5.919424148471946756e-01
-1.747470007798218816e+00
-7.494917813508007731e-02
-1.028388940582281696e+00
-1.674439375460010870e+00
-5.648286903525052693e-01
1.653288389758305721e+00
1.127955894672049597e+00
1.199403098984109572e+00
-1.498088731761655912e-01
-7.060633639770665937e-01
6.897585839324876789e-01
8.054751877979530184e-01
-2.761115674198273973e-01
-1.039288416945460147e+00
-1.016914745489986727e+00
6.404327505431905987e-01
-6.353127102826373607e-01
-1.649195698803040955e-02
-1.095742677212126370e+00
2.281702280390650595e-01
-2.681253957673311872e-01
-5.322443010177355660e-01
2.071210766820992533e-01
4.089248523516493816e-01
-4.483744192524826144e-01
1.987835341458039362e-01
-1.156237021965063061e+00
9.056678829148674392e-01
-1.676892479138146763e+00
-1.867595494530971123e-01
-3.282131982732727216e-01
6.809060091060785691e-01
-1.170433853960914927e+00
1.753742295414145724e-02
1.669938122226736210e-01
1.135505912577440935e+00
7.743484432961722508e-01
1.165072358149684906e+00
-2.143457762248547338e-01
-7.525463675251827800e-01
4.509775316073769136e-01
-3.253291044486893158e-02
-7.437121573589304813e-01
-9.974971893090178732e-01
3.591005296899413279e-01
2.111844084324206172e-02
1.012199295798513976e+00
1.680945678394885068e+00
-6.843933860024363769e-01
-7.699078231549646434e-01
2.278325941149146883e-01
9.359547161966632611e-01
-2.055843171626394295e+00
1.080782490605888713e+00
-6.182105739632409724e-01
-1.240304205857118536e+00
6.528031428672446124e-01
-1.344343832550294993e+00
3.837060590181924358e-01
6.846902961082325378e-02
-1.101906974991209598e+00
4.237937901832535270e-01
3.242288381205026826e-01
-6.304858679871827576e-01
1.279180614779169112e+00
-1.525345458062121184e-01
1.058948328786737947e-02
-1.587433327172560749e-01
-9.361119728494596837e-01
4.691500385693928021e-02
5.656810802508180913e-01
8.146339455674256325e-01
9.869526358294723467e-01
-7.941814711977440711e-01
1.165339905525135222e+00
-1.100026654969643136e+00
-6.633647833741562749e-01
-3.537285847318525911e-01
3.060816776313631804e-01
5.588274468828736685e-01
1.482767428701887269e+00
-1.549681625761700765e+00
-8.764713075551516797e-01
-2.207280976283280127e-01
-3.915353245615234012e-01
1.531230264277259612e-01
-7.251327147020085739e-01
-2.734723308655527541e-02
3.158701848821009461e-01
1.450290688289550989e+00
1.721891024935472192e+00
-9.859220129243553288e-01
9.550677760737735777e-02
6.708150806225335883e-01
-2.045967900479207444e-02
4.674448835859764118e-01
2.233004200534844108e-01
-1.371186163286880477e-03
-8.886671617394562572e-01
6.649524322145933253e-01
6.007141707120724483e-01
6.358176701901510075e-01
1.124867957168365518e+00
4.018926564900511811e-01
1.846877598017614419e-01
-6.107374213594933821e-01
-1.839843481900698685e-01
1.908352183011945979e-01
-6.570248239949758595e-01
1.085922533851703120e-01
-5.235553709392420235e-02
-2.790268194126635515e-01
-7.230670055999874890e-01
-4.049357184152974076e-03
-1.381553694592979609e+00
-6.276195601388365741e-01
1.073322332028425530e+00
3.017159981453964440e-02
-7.720063828048039090e-02
-2.264430220653124437e-01
9.144722264451604632e-01
3.567146713602848407e-01
-4.894030438210134615e-01
2.057775099293760734e-01
6.661469986086645534e-01
-9.193384134190617507e-01
3.206339500238597484e-01
-4.492730172152733514e-01
5.435324719941606736e-02
4.453297551200394166e-01
6.040034334503096014e-01
-1.501410215598172337e-01
-1.346811533819421980e+00
-3.322715791890994419e-01
2.389208710909816791e+00
2.296151321693363556e+00
1.171179200182514535e+00
1.019677298387460684e+00
1.011000950604047599e+00
-1.105697820138857868e+00
-3.249994206478548642e-01
5.389271607741571435e-01
-9.664077631952470993e-02
-1.419095755250843749e-01
1.343777858727822849e+00
1.132992945277344621e+00
6.760482934858158544e-01
6.090462171431548777e-01
7.239718343606774686e-01
-6.504669385857175801e-02
-3.220451118313514272e-01
1.112111786308217498e+00
7.879698266035737308e-01
-5.618897331204859569e-01
4.809961942734187201e-01
1.617161413297019401e-01
-8.174773074548391527e-01
2.913065560190102321e-01
-6.523289775995199102e-01
-1.056551836573268677e+00
-9.102503696423690227e-02
-7.055131145226632705e-02
-1.019074808339223842e-01
-7.479740947341330104e-01
4.381144215058309088e-01
-1.603513856403687154e-01
6.767946936965775206e-01
6.871143723055399555e-01
6.894498308210891269e-01
-2.356848735664078889e-02
3.791193916309829604e-01
1.003185001850579239e+00
-1.483681299820748034e+00
5.310060428885202688e-01
-7.603517334235975200e-01
-4.279209028705125428e-01
-1.030519742356717394e+00
1.730656574541178383e-01
1.036277160581916545e+00
1.589251167540078891e+00
4.147877737188232494e-01
5.930956071521078510e-01
-2.364658915607595335e-01
6.656825658807902224e-01
4.047547517894840574e-01
5.458015334023101905e-01
-9.844096543893461337e-01
9.362202184729691012e-01
-1.218623009936135482e+00
1.614695217430618168e+00
1.166732458106579662e-01
-1.656874632918001744e+00
5.163754370794191306e-01
-2.263744172063407445e-01
-3.090986800127413225e-01
-1.122607373966539202e+00
1.906861818593594549e-01
-1.626151248865180365e+00
-3.795619850529907691e-01
-1.522344118591627327e+00
-8.064437551382073188e-01
1.310118393391953295e-01
-3.972743177058460917e-01
-3.832417001969136150e-01
-5.501519798602412248e-01
-2.045147504551064754e-01
6.676621211078620499e-01
6.772764228039060974e-01
5.537526376106539638e-01
-3.855115987704041958e-01
-1.152019066188572527e+00
3.907973445929815437e-01
-1.426634118613776758e+00
3.836615674271394161e-01
-1.036255469190980882e+00
3.020439452846965245e-01
1.258470755749216408e-01
7.805626598290955620e-01
3.172992881211623151e-01
1.157341951832221993e-01
-1.408033988463750941e+00
1.724289855794925108e+00
2.672181417656941393e-01
-5.875051382441979220e-01
4.166579586386912615e-01
-5.934127903488694011e-01
-6.950084948938443086e-01
1.633562393641112109e+00
1.100851620217754512e+00
6.391080932696973083e-01
2.077611097820435848e+00
2.093790613806883361e+00
9.065595673553732414e-01
-4.357717136387822543e-01
3.005201124822874381e-01
-1.023818521715958552e+00
-1.346816385290861673e+00
1.114192916434769032e+00
1.935501445104156892e-02
-6.047666466743111258e-01
3.102715395505742935e-01
9.678922919402630498e-01
1.854531222121552636e-01
-1.074131197718219077e+00
-5.923181424780215032e-01
-4.374034975185521756e-01
1.058587867972165197e+00
1.050870181648608126e+00
7.903839575369123738e-01
-7.412766265871535420e-01
1.090247110802976094e+00
-4.233668170652815643e-01
1.010580049965121852e+00
1.209812385727331518e+00
4.434983878664719992e-01
-8.758583977138061083e-02
-6.333239531049613680e-01
8.603317021155297839e-01
8.556921864669141398e-01
-3.766942399638252836e-01
2.769732543563134253e-01
-1.212509815374507083e+00
-1.303194902415199419e+00
-1.779760630773409069e+00
9.429019528095085034e-01
1.327603827829139105e+00
1.472913363377327811e-01
-5.741171527897842575e-01
-5.238827635998825061e-01
1.656143128546420928e-01
-9.931600469376681284e-01
-3.078216795122154514e-02
4.204232484107954804e-01
-9.779145605561314625e-01
-1.731030326953504894e-01
7.695052283032250973e-01
2.838277252559213149e-01
4.758196302523748367e-01
-1.418951699895783625e+00
-5.853632890692981317e-01
-1.169519991354007526e+00
