-1.654173239900284254e-01
-2.909485754863605500e-01
8.067374367919896705e-02
4.097006532483620789e-01
8.045140724598681681e-02
-3.789936863284589785e-01
9.101725087119084678e-01
-3.016188379207889736e-01
-1.693507063384756123e-02
7.179817290793484297e-01
1.413842094583463438e-01
-1.026101408257530156e+00
-8.261975380167517757e-01
-4.939090190049039153e-01
1.297268115002793154e+00
5.118468140379184989e-02
1.669998940301948287e-01
1.476157831625383443e-01
2.925918172512410043e-01
-5.372065985970011504e-01
3.729764519785219168e-01
3.947422557384199227e-01
1.622908179352658131e-01
-1.244112060346474813e+00
-5.313600011514708621e-01
3.511736001438175436e-01
-5.533263677182029827e-01
-2.316100429933534710e-02
-2.997519483762695405e-02
6.395315238600738500e-03
3.693412886275712070e-01
5.706290380214528168e-01
-2.572826377326490332e-01
9.611357702499596922e-02
-6.994792031580523428e-01
2.563468303100045476e-01
-3.266866679212280244e-01
-1.076068463483249305e-01
7.513277552161391759e-03
-2.133068191397339275e-01
5.264309283347712309e-01
-6.034578282965225027e-01
-3.084252531347373427e-01
-4.891778420044524678e-01
5.776549989089057036e-01
-1.992897294092761951e-01
4.289303044049461722e-01
2.075524860411813999e-01
-4.042034168918483272e-02
-8.712562929757267094e-01
2.249469906804195396e-01
-1.600266154098611004e-01
-5.940674834748077560e-01
4.937105635538726056e-01
-2.461836804599332185e-01
2.310910432126760811e-02
2.852915145547469944e-01
-1.112949343522849910e-01
-5.330185482361852189e-01
2.287985579030752392e-01
3.282350516712378430e-01
2.816739001565340267e-02
-1.383809607901838046e-01
1.362368154138601684e+00
-8.791903414070831868e-01
8.880919914550806926e-02
1.360651549286861772e-01
8.711095112881624969e-01
6.602550562890547869e-01
-4.442142142219534517e-01
-3.761834843036526710e-01
2.468785766929601500e-01
4.122905360356811377e-02
-6.458458162183771112e-01
-3.261652164225104511e-01
-1.054906108132423748e-01
5.977274882736774986e-01
1.191779438242420996e-01
2.490633221596063318e-01
3.348010021117266977e-01
2.012342189183990993e-01
5.042512988107082927e-01
-1.989043857616084321e-01
1.503591669822244847e-01
4.181032467419519283e-01
3.522293932324302990e-01
1.652898166034577343e-01
3.083927081455075103e-01
-3.108290129083532971e-01
1.117514015289710061e+00
1.152156503299880952e-01
6.027694028255848879e-01
6.545196815983022054e-01
3.654040068719283108e-01
5.001409542320000012e-01
5.713439833021208836e-01
-2.687101102540490616e-01
3.437846489018759888e-01
8.775759363671868929e-01
-7.338415334833494619e-01
-4.002660289215747569e-01
-4.797241795735540104e-01
5.963410430425790665e-01
-3.456538384506104844e-01
4.205821780894990480e-01
-3.351131777778444953e-01
4.398124365527631419e-01
-2.671983726259360981e-01
5.477993296273762081e-01
-2.821874026798576462e-01
3.645526266621740841e-01
-5.851202232321689456e-01
6.433433988269755543e-01
4.724636138903718918e-01
-4.360837199596679370e-01
2.574287812514615137e-01
3.856790740946658969e-01
6.489784415788929506e-01
1.674239035202320924e-01
4.115949837582466575e-01
1.789154473099226483e-01
2.453928588469201089e-01
-3.357425546296921581e-02
-7.833564897130897986e-01
-7.245166924314693224e-01
6.070825162810481457e-01
-6.215497045744295956e-01
-4.067297427469757087e-01
4.617542971444343336e-01
-7.714272480586196190e-01
3.802557742529024121e-01
-8.256706274017792113e-01
-3.044357903668618026e-01
3.543303193233793835e-01
-3.537409979412357020e-01
2.714921853107055694e-01
-1.145956266392138267e-01
-5.604592910885530799e-01
6.337772243698832630e-01
2.649518909891592777e-01
-7.169847341293962284e-01
-4.989845231969916584e-02
-3.650137680306785870e-01
9.050523499281336315e-02
-5.372192771810259115e-01
-5.087836406621518148e-02
-7.754333049845141268e-01
1.171605589746940734e-01
3.560009458773453206e-01
3.872030766464572282e-02
9.093472916014804230e-01
-3.774877912541272362e-01
-2.775815636157371591e-01
3.220337521334835640e-01
1.607705484110950878e-01
-1.338168820586313479e-01
8.280021284544317739e-01
4.029292116415075786e-01
2.008578517354506487e-01
-1.980493806056959905e-01
-3.798393487210236508e-01
5.008709345035153859e-01
3.772532430168239470e-01
-2.757700092730266256e-02
7.712230564494926277e-01
-6.161172312198843759e-01
-1.141314873099024546e-01
-1.339067029049997026e-01
1.669372844885897156e-01
5.169194331028647005e-01
-8.033882593912750059e-02
-6.451703881010038000e-01
-2.417368057803463699e-01
3.527307491721468069e-01
-4.875503185031670322e-02
2.642469090779837049e-01
6.872932378275262710e-01
-4.738170155516563953e-01
-2.714443498761006657e-01
-2.417206144098825449e-01
9.881963094790263691e-02
1.282047022742955455e+00
2.382595154225579381e-01
8.218269452615238890e-01
5.780885734076127158e-02
-1.296902662101652448e-01
5.041344663834533835e-01
-4.922245584711890665e-01
-1.843710948462525812e-01
-9.676113369937916486e-01
-1.759519035439073009e-01
1.383072684124745377e-01
6.465198313382758410e-01
-7.465602168229615865e-01
-2.033099519060437010e-02
-2.779494733418882424e-01
2.372222864798059772e-02
-6.905094118172744322e-01
1.325998424977385515e+00
-4.427675923427377147e-01
2.885234745162781334e-01
6.691435132351877257e-01
5.358126073198820061e-01
5.153978851017171348e-01
-1.683591032273420440e-01
1.910495420911313968e-01
3.311377832679000544e-01
-6.863792354778170957e-01
4.754359299366870406e-01
-4.316975916594242291e-01
5.753422981859871443e-01
1.879638986868124861e-01
-2.287358795440693759e-01
4.728397724767456900e-01
-4.206497784495525361e-01
2.568277684567282226e-01
-5.753333571708414418e-01
-9.231673679764437757e-02
-1.348811945741577034e-01
6.973764336694010524e-01
-2.146649703606949011e-01
-5.581914290548133095e-02
-1.732561746187435969e-01
-2.504436638574255580e-01
-1.100014078720856547e+00
-2.736776254720008628e-01
-4.319365060291004421e-01
8.579704577526059417e-01
-1.430239870778133027e-01
5.067379566170918115e-02
8.132727651840235827e-01
-5.173273865517007408e-01
7.504249810027274759e-01
-8.625622343783623247e-01
-6.898680148243109267e-01
5.501555841415927128e-01
-3.851131522922853767e-01
2.664793789263164570e-01
-4.631885057963935903e-01
-3.572603454021422431e-01
-3.081730766855379500e-01
-1.984112970827447975e-01
-3.482779214085902630e-01
6.418851542592012294e-01
3.694240407108753121e-01
-8.187296688948493273e-01
7.227934756684827322e-01
1.418191272612459586e-01
2.221571297153248914e-01
2.872380171226940893e-01
-1.452824281981216770e-01
9.830272213587923358e-02
-8.493905391224230161e-01
9.805415279924383221e-01
4.834283458044204007e-01
-4.489684208449412628e-02
7.079492025143127032e-01
7.402720090143773968e-01
4.749456391338059413e-01
-1.773432605011838470e-01
-5.190384841036798091e-01
2.085972717650881325e-01
-1.102349584352572270e-01
-3.930348723502657959e-01
-5.311028583004168135e-01
-4.353968655646984764e-01
-1.620115371170456064e-01
-1.279229622280798062e-01
-4.300743657892381333e-01
-1.912679356377157691e-01
-3.207510071435615839e-01
2.711519798742596521e-01
4.534236090023034405e-01
9.610326242932384910e-02
-3.668541254791606865e-01
-3.693211241760265828e-01
1.977307822049209629e-01
-2.502308061963873786e-01
-2.375342209253434311e-01
1.303798048413689903e-01
-1.233721226833066176e+00
-3.746096320930653589e-01
-1.680230525417664156e-01
2.473736461967673550e-01
2.768264311019744128e-03
2.761628480987994572e-03
1.377739104715004492e-01
-4.156472112821470999e-01
-7.630741770188677053e-01
-1.826462078275234990e-01
3.021331756645149191e-01
-5.622368422203877225e-01
3.792457749847155668e-03
2.630518940603833733e-01
-7.784142848206414278e-02
-1.508928463824381061e-01
-1.929412181756207656e-01
6.994561454756695329e-02
8.138978699091022895e-01
1.828698016592892883e-01
9.542315259032745078e-02
8.988476251394287297e-01
-1.505656989787035882e-01
-5.131894669250348651e-01
5.335335384022111826e-01
-5.267858761285347802e-01
-1.116013642444802639e-01
-5.280271376566291197e-01
-2.712281455980435352e-01
-8.568981928416348204e-01
-1.327590314290804374e-01
-1.480553643701155164e-01
1.324538737255235521e+00
-3.347850881043896165e-01
-7.794029651585921981e-01
3.521517062573701340e-01
-4.497485667970312073e-02
-3.140598402682896750e-02
8.685427160349952214e-01
8.227839788584614955e-02
1.752062310058023487e-01
-2.576894613398985831e-02
3.655464549085142567e-02
8.613707907525607055e-02
6.721488660931748682e-02
2.403000847471479795e-01
-3.342516506677684629e-01
1.865693278813421729e-01
1.734999673026464961e-01
-8.097302185586732759e-02
3.431804545286601393e-01
-2.072942047441103663e-01
-1.619618022854260042e-01
-2.478402690512541973e-01
2.063560207561347323e-02
7.272376214352699320e-03
-1.081823061192058733e-01
5.473810573777184579e-03
-5.413999284682599056e-01
8.248687070498720297e-01
-1.874814941023856749e-02
-2.710011640467325233e-01
-2.028918461735663703e-01
4.905825182217246616e-01
6.038422958320234235e-01
1.387771811729856808e-01
4.867745961306072511e-01
-2.846260199133776037e-01
-8.826566560730976507e-02
5.359440439375531273e-01
1.098267805378805029e-01
2.538789027375818463e-01
3.707911529159895747e-01
-1.378626485101747401e-01
1.167799902610053397e+00
-1.966791713960448773e-01
-2.199862537954292985e-01
9.540287237682074650e-01
3.422571802982840028e-01
-4.211392253694296040e-01
-1.834581319496665641e-01
-5.964137124066011264e-01
5.426282620103290988e-01
-1.619425630466214683e-04
-9.858698052198007211e-01
-3.715797482235508320e-01
3.056564357112773744e-01
-9.700589524442371214e-01
-2.731443125450703224e-01
-5.587438129298115674e-01
3.099464295249115264e-01
3.639288874726925305e-01
-2.476565811901034267e-02
-1.901016452533940693e-01
1.143508455027560794e-01
-1.399452542681558220e-01
2.796239312284825584e-01
-2.210208979110953043e-01
1.955453681091095797e-01
7.814316969155947756e-01
-7.478825441076476510e-01
3.930547933877758804e-01
-3.343624058305627589e-01
6.895055126874077844e-01
8.043210376359133384e-02
4.741975651808921777e-01
5.017599986334748685e-01
-1.437286844925781404e-01
-7.914480954920204425e-01
2.173536953966639929e-01
-1.305302393253582605e-01
-2.110288744951994283e-02
-1.607907280180728704e-01
1.199885702487817479e-01
-5.757809213040303575e-01
-1.495690169512645107e-01
