-6.864976033203515349e-02
-1.320401144447039266e-01
8.389827374727784615e-02
-3.227957096868221964e-01
2.024654906105667618e-01
3.886564704876842025e-01
9.684858137178721516e-02
-3.288887834499552160e-02
-2.759927682661080239e-01
1.152692259513501821e-01
-2.090972849103934494e-01
-9.555268297999801319e-02
2.947815538655232936e-01
1.347888965230682572e-02
3.494558989497041634e-02
1.322076398923035037e-02
-1.987002167642108463e-01
-2.205266356765813590e-02
-2.936285985776129759e-02
-1.705688161464161967e-01
-2.237164196388794490e-01
1.140807718575617691e-01
-2.393372461178613630e-01
1.171862892975951004e-01
1.899620263403752618e-01
-1.460812087732825393e-02
-3.189211879117580528e-01
-1.340324645813200377e-01
2.055458155031703593e-01
1.142499697639766387e-01
-2.935464000479277025e-01
-1.700708935706705116e-01
-3.981494363040979922e-02
5.799737754541359896e-02
-9.947053873087377540e-02
4.440624958706120701e-02
2.288182509249851448e-01
7.422023905809961575e-02
-4.832371393919863700e-01
-2.495713278259562018e-01
-2.148546427197098596e-01
-1.262506069613018589e-01
-7.654793095090570154e-02
9.946978229301742941e-03
-3.742665092121861270e-01
1.232211311207918741e-01
-4.006045718830762992e-01
3.730791749258881573e-01
-2.494964133747324120e-01
5.724849927465969213e-02
-5.082420898121230157e-02
-4.758682962255197241e-02
1.211138305327643938e-01
-2.551735646057370355e-01
1.866373775776836164e-01
-3.147663676587725834e-01
1.220549815415505196e-01
-3.297333511288119690e-02
9.848748420128171366e-02
-9.991658690109000984e-02
4.570791089964027637e-02
1.634022383103138076e-01
1.484611719747897796e-01
2.446876212392505301e-01
1.812906348472161921e-01
-1.643164815052032268e-01
-1.378025501342608483e-01
9.999788883362503711e-02
-1.444068661649042240e-01
-2.398550417437852467e-01
2.113628565800035053e-01
-1.652347323207567775e-01
1.193216545701494269e-01
9.079247296459103111e-02
6.685549028798521559e-03
8.601276636969573675e-02
-8.804944965986175043e-02
2.064601361504670440e-01
1.204225129271054018e-01
-3.624217289917625040e-02
1.208370740655535097e-02
1.081760749942643485e-01
-8.427623628848290860e-02
2.172476450672237713e-01
-4.600261801921710914e-02
-8.770274900045180524e-03
7.267945585289255217e-02
-2.103777305997717173e-02
-1.452064577005329482e-01
-6.843075997489297957e-02
1.988199817415149395e-01
-1.033645126714447145e-02
-2.201667891315615133e-01
5.977100761714873589e-02
1.020031628967828646e-01
-1.308566808306941415e-02
1.320404164948918158e-01
-3.080665231779957519e-02
-1.369692134129026351e-01
2.654755970402983833e-01
8.996960906769166377e-02
-1.748660729840995076e-01
-2.133368876071044945e-02
2.643360390131146431e-01
-5.823339766861605066e-02
1.094914849589750661e-01
1.913731350653199714e-01
-1.601256725609781773e-01
2.568611403223551859e-01
1.792742139014210090e-01
4.051723882802643617e-02
-1.967697634078212632e-01
-4.466340684853497417e-02
-7.250348729349566368e-02
-2.667340675438147346e-01
-2.398523377731174022e-01
4.961433415543331851e-03
1.067649774914862099e-01
1.464597888221271793e-01
1.009163907607271427e-01
4.283069841561004676e-02
-2.235287227213338113e-01
-5.687511661326848100e-02
-1.271983469771353348e-01
4.625060887522329522e-02
2.707165727848460102e-01
1.867600678240550691e-02
-2.311378584120582502e-02
-9.033437764341464837e-02
1.531594185918417617e-01
4.392331148175353250e-02
-1.224109389450302177e-01
2.634278869690978020e-01
-2.287454719410020876e-01
-2.765972061250663305e-01
-3.516605590449280172e-02
-2.765886361599749765e-01
1.700036582526158468e-02
2.261433510484249787e-01
-2.515338214835786679e-01
-1.894319216317879098e-02
2.009401590171949747e-01
1.248494040968892160e-01
-1.693841700459256250e-01
2.666700304670788779e-01
-9.084840956350809238e-02
2.578780623236227865e-02
2.111006592160386830e-01
-3.069315649418369873e-01
3.521134859396082839e-02
1.349689501282418935e-01
3.697047944488160431e-01
-1.641439676222054000e-01
-6.820393020665771466e-02
-1.868311994079636940e-01
-2.599932043558306760e-01
-6.324526128439672545e-03
-5.342510372751504977e-02
-8.038406029551134480e-02
1.745198803116167485e-01
-1.920210953111530228e-01
2.634375957186924078e-01
1.248133801001303361e-01
5.483223346271255336e-03
4.369512478061950145e-02
1.130999722465909907e-01
1.439571009618231812e-01
4.966292635102066699e-02
-1.258379620699838219e-01
-1.969601334099971637e-02
-2.182018313056226511e-01
2.239461884224590582e-01
2.023216596952363000e-01
2.302273814045776579e-01
-1.445701256101521448e-01
6.064768485349229798e-02
1.697910642824465577e-01
-2.886924160294315200e-01
4.060702956390323248e-02
2.115842442970607140e-01
-1.095783630243793438e-01
7.136231731996463268e-02
5.499770065839591771e-02
-1.126696937787720169e-02
1.001595351171040843e-01
4.606693263994788429e-02
1.819403710868477408e-01
1.241892941322772920e-01
-1.684693394716688108e-01
-7.265177807534475840e-02
-5.949856100984865503e-02
9.689961646666020445e-02
-7.022429482092477915e-02
-4.156242575338070511e-02
1.010215187478939458e-01
9.215121138784976296e-02
3.233235702591772398e-01
-1.240249738926016698e-01
-2.659194457159810288e-01
6.681389002644866348e-04
-2.413258994288897813e-02
-6.088555565763079103e-02
8.376646788415514910e-02
-2.052636963526410091e-02
-1.406233100935591340e-01
-6.806553946453446080e-02
-1.140657816145074499e-01
1.926990941963203224e-02
3.103525219191859419e-01
1.286814561154824565e-01
1.573509635499301673e-01
1.024636022091054283e-01
1.110420467530328914e-01
4.202666625478412854e-02
1.752604667654290849e-01
-2.976156540237130388e-01
-1.287110919904425055e-01
3.707176210426248175e-02
6.300292473458103670e-02
1.754915704213812488e-01
9.124914481352228157e-02
-4.641783797850698723e-02
2.195945865673697428e-01
-2.810051302423302033e-01
2.846094890653990128e-01
-6.123829812811698581e-02
-1.326680318747828213e-01
-1.411475960099332627e-01
-5.169659937786302839e-02
-9.763889193014195500e-02
-6.848410514232846497e-03
-2.190076544524889868e-01
-6.369456201077626500e-02
-1.671746885211485012e-01
-2.960719154505314088e-01
1.500319855729412566e-01
1.126741850505671994e-01
-1.540081564585842333e-01
3.218400638325683571e-01
-2.428939750738704217e-01
9.918577949117915460e-02
2.401928245724292421e-01
3.108819910700656997e-01
-1.467580025643564975e-03
1.322984702868294782e-01
3.654879824033327451e-01
-2.018844167720703492e-02
-1.246537304912835875e-01
-4.332335814773325411e-01
-6.737054638792248917e-02
-5.280681020296141420e-02
-1.070706507204239044e-01
1.537894473234631687e-01
9.226764223487164684e-02
-4.541669555205634645e-01
2.335420634964326114e-01
2.251208735517692405e-01
3.530790012999486527e-02
8.089228696918873696e-02
5.363875063990757031e-02
7.088431000944730997e-02
2.982313977926235316e-01
-2.139467748602121300e-01
2.202209546866413792e-01
6.551309857989737195e-02
5.902571943538684196e-02
1.350464273654998215e-01
-1.458955977849000531e-02
2.026784552580999099e-01
2.546859800261072060e-01
1.731016556212092161e-01
-2.086172053224895073e-01
8.909608910904927292e-02
2.730562440642161914e-01
-5.712912955010955585e-02
5.694352226739413797e-02
1.360723930097249845e-01
-1.210666869016069347e-01
1.202346103206633349e-01
1.789258140623156690e-01
-3.192336691479453342e-02
-4.107128381444765525e-02
6.946934442078535332e-02
2.255715769760759104e-02
8.739507044013640480e-02
1.358507423311635098e-01
1.544355672426210857e-01
1.991556455432550998e-01
-3.829300558470592059e-02
-3.860545884628670960e-02
-1.830714728557283622e-01
9.011839249871395063e-02
1.021000666135576385e-01
6.586633693398213918e-02
1.724396894334805086e-01
-1.416100235318232259e-01
-3.760529740213722216e-02
1.948353417265798193e-01
2.825951195573062763e-02
1.435743171018668829e-01
1.064097474020925943e-01
5.355574658541129018e-02
1.878243867359216668e-01
1.484384828413591872e-01
-1.738664490827592779e-01
-1.649399406509874030e-02
2.357181994060723873e-02
1.062797390615247556e-01
1.729879552597447523e-01
-2.642477543296368331e-02
-1.963496207297311114e-01
2.158407846000022223e-01
3.772588543232403557e-01
-8.748876951916825795e-02
2.049812787212779430e-01
1.276779896989501117e-01
3.324655931505913209e-01
-3.131279747904113786e-01
-5.336514632958175297e-02
2.093603724887049822e-02
-1.371077151192244825e-01
2.234457426325013596e-01
2.831607071095774697e-01
-1.889853605018919913e-01
-2.920983346926747104e-01
1.433562683465994247e-01
-1.510545884952070317e-01
1.633661414454254390e-02
-3.452367562916859589e-02
-1.339768538190157510e-01
9.347817389924836795e-02
3.621783410085830379e-01
-2.724507543239107488e-01
4.802659964069917048e-02
2.498857280345318510e-01
1.339119789622169980e-02
-1.624073185187208807e-02
-4.714612574924199884e-02
-8.036986922102287711e-02
1.449918307008969121e-01
-7.039005460271158254e-02
-8.067673476984458039e-03
9.242811705772645270e-02
-6.320259027257787987e-02
6.425297762345236197e-02
-1.236485761922319626e-01
2.688599720181177322e-01
1.934960826110567744e-01
2.918486843623727678e-01
2.737599624161324297e-01
-2.285697058879685994e-01
1.992601266727524190e-01
6.538743161842577867e-02
1.980324036216124239e-01
1.326418638041269860e-02
3.323234937686825319e-02
3.578862409949282730e-01
3.200451170410137380e-02
-5.221321705342236302e-02
3.357193698410923521e-02
3.897700083688037109e-01
-1.199296882996246233e-01
1.084185130740571573e-01
-3.706116142766510690e-02
1.599967822993010949e-02
2.542193991843372247e-01
1.754519990529944118e-01
2.714335374520777666e-01
2.005963489580406545e-01
-9.059212589016821249e-02
-2.719840082872250209e-01
-1.355338611349623246e-01
-4.350958475846062323e-01
-9.497973833065810612e-02
-8.008851546531144117e-02
-2.525837910266650610e-01
-2.208065136028844189e-01
1.379782546570800794e-01
-2.124062003026809808e-01
-9.463326821702133795e-02
3.986267687252426639e-01
-1.029889068148431980e-01
-8.742973239654212511e-03
5.932941860942891193e-02
-8.748645086196392417e-02
-2.000740425544390855e-02
-3.618805797136412372e-02
4.447840487834282125e-02
-5.586631893250436354e-02
-1.341388568280251214e-01
1.098686684420519671e-02
2.235722212985014612e-01
-1.222879298342282040e-01
9.363413104532485043e-02
-4.460738591601414588e-02
3.321592156478907210e-02
