1.959408670004111896e-02
1.320447967114701977e-02
5.361405476502252229e-03
1.746524339289644290e-03
2.266584908529591103e-02
1.323967164082247988e-02
8.131568622456241541e-03
1.217203434355171657e-03
2.172970641624686824e-02
6.272625984876123786e-03
2.070518974915901492e-02
8.911814123562095125e-04
5.920782249855283466e-03
1.762756660618469001e-02
5.527473344404672945e-03
2.364343758404904156e-02
1.499295816538489048e-03
2.723676273636884901e-02
2.136086425906053021e-02
1.244518367862957643e-02
1.361510817560814511e-02
2.079535798381689643e-02
2.443493053204245230e-02
2.047630436972928958e-02
8.713617589463647922e-03
3.825412923534866894e-03
1.692519815329780047e-02
7.362118891657628769e-03
1.947716938715164658e-02
3.869217720214699827e-03
2.410219701771415188e-03
2.616926042318857420e-02
7.879622027421557401e-03
2.085546292919749495e-02
1.475802896889951733e-02
3.487539926365666038e-03
1.388270747034689792e-03
5.371556561717711828e-03
2.145173155635917220e-02
3.576618290170106851e-02
1.535588746505389332e-02
3.214276689673214310e-02
2.120333623814378565e-02
1.899290729451151571e-02
2.180100118128295780e-02
2.379878120916475298e-02
9.883668637757910685e-03
1.090495715102337594e-02
1.814149261207867458e-02
9.551508031495674345e-03
1.890967276800312874e-02
1.856384706993916001e-02
2.334224555931874862e-02
1.351308932212511547e-02
2.150484268731096132e-02
4.699153118767796997e-03
2.127278675261219665e-02
2.250141632930207497e-02
2.070270446328865976e-02
9.694749883844786323e-03
3.407005764755751537e-02
2.757718018891004708e-02
1.651062541729621941e-02
8.054675567648090714e-03
1.926844093734944585e-02
2.883132134085779341e-02
1.938344820498547755e-02
1.593683290714937445e-02
1.386805077565148904e-02
2.634392555563713073e-02
2.115190378356262071e-02
1.960283994328574156e-02
2.578938992210997455e-02
3.266853061999285684e-02
2.349130744198863266e-02
1.879204949117011664e-02
1.123156629028759443e-02
-1.277979068320141479e-03
7.472371762685276267e-03
3.454525357007607461e-03
2.003835404847956886e-02
-2.270521897242992748e-03
9.197289779355549699e-03
6.728693514544125190e-03
2.296720939122366689e-02
1.842633465504148541e-02
7.448145428585076916e-03
6.475139576543579786e-03
1.183496331344023947e-02
6.928473376510377660e-03
1.150486364557083870e-02
9.376443673578612956e-03
1.621263378827473775e-02
1.340966572583167891e-02
2.265167967934059862e-02
1.734038228185351069e-03
1.229783774984993285e-02
5.409341205593718935e-03
1.009145157849042872e-02
1.339069449562999350e-02
1.369079916225594655e-02
9.536805192173616191e-03
6.087625169303086461e-03
1.623562440697842030e-02
8.674465465572244946e-03
6.858631447394649555e-03
1.293521740695817435e-02
4.612523396254251951e-03
9.522601123199775364e-03
-6.958411262239613121e-03
2.076712358297393840e-02
-2.338623689123537491e-03
6.380872814483927458e-03
5.669629052422166249e-03
1.541688065122071710e-02
1.385322236638555568e-03
1.679927886304050794e-02
3.862325336208106280e-03
1.027566632825970688e-02
1.093883969147166173e-02
1.124701879649253784e-02
-1.082384229886393379e-03
8.622235820000047693e-03
4.865297666873958163e-03
2.192381766883427091e-02
1.698213567837087573e-02
2.939580297368389258e-03
6.344753391458081079e-03
2.216209837470355798e-02
2.487742569844076518e-02
-4.626116214956286707e-03
2.646153854897656532e-02
-7.691109166294679209e-03
2.148691809635195488e-02
3.489853672674100848e-02
1.966553723461563971e-02
2.143801766199494863e-02
8.307988892290969068e-03
2.867071397009135839e-02
6.024811947679446777e-03
1.824789012304641606e-02
1.462204646027684060e-02
1.699726925547836304e-02
1.384951649296000883e-02
2.014170668503284523e-02
6.931586243079081167e-03
9.514360097617691192e-03
2.760630245908582414e-02
1.469149984917745427e-02
2.100390004554275603e-02
2.441002959936525510e-03
1.899184525948590524e-02
-1.802558338980866925e-04
9.183991089185971832e-03
1.393202904173623281e-02
2.122873972370789564e-02
1.315319300944828296e-02
1.438032924810428090e-02
6.048698340893398501e-03
9.444150392973815061e-03
9.763000381392859112e-03
7.510929168739098605e-03
9.019419340345818242e-03
9.420422175633564460e-03
1.939272126037682245e-02
-6.913245493626495736e-03
1.651187652312618645e-02
8.288689983297578903e-03
1.494362374061126292e-02
1.126043340854277798e-02
1.736626411227544520e-02
1.016637275562849892e-02
6.837398134258819080e-03
-2.148929205403512718e-03
1.262204659723971563e-02
2.202603545956481959e-02
1.879304670835357446e-02
1.423346741874543034e-02
1.032135534838063244e-02
7.646084917068796810e-03
2.005674862809035675e-02
7.840815543490288475e-03
1.340080287614488740e-02
1.740087797341133280e-02
7.657639836863083110e-03
1.834935511173521605e-02
2.173192495572700417e-02
8.235179288538287470e-03
2.029663280194602543e-02
1.494389423416629149e-02
2.007804397350999165e-02
3.015615456100075725e-02
1.691710985890325369e-02
2.041768616618856724e-02
2.226955428677085749e-02
2.516240139006364548e-02
1.184574197585601917e-02
1.455073553215388386e-02
2.867170959637166741e-02
2.146427645904051482e-02
1.546869423159381515e-02
1.534850243091343512e-02
1.907004494420923291e-02
1.799424311194759707e-02
3.149436435553465072e-03
1.997144521980609433e-02
2.430189114084435262e-02
1.248102598935387983e-02
1.430227173037080038e-02
1.350951521548403485e-02
1.443157513272953774e-02
1.189332790368772229e-02
2.892089154965642867e-02
2.561227188601818833e-02
1.066942837841880140e-02
1.606436155029744919e-02
1.575916886269662642e-02
2.459468724835151346e-03
1.901164833390473624e-02
1.964063137121999439e-02
2.234668898189422215e-02
4.335606793180228624e-03
2.006573648158577888e-02
4.895039581016433217e-03
1.173182182839304505e-03
2.171470429238387539e-02
1.790647600887483593e-02
9.400205506282906243e-03
2.036215992427482108e-02
2.099745116310851312e-02
3.718735030426878821e-03
7.331829312231873813e-03
7.141830868133167837e-03
1.395611448750581213e-02
2.114656259938259980e-02
1.848085917161043992e-02
2.569029164660088793e-02
-3.962402294389651830e-04
1.742087899069940521e-02
1.334873435124134602e-02
1.076807784543817523e-02
9.680036531908077849e-03
2.049801573857521625e-02
1.798087741257334282e-02
1.816778256074152650e-02
1.681878058294048600e-02
2.153483917826969074e-02
1.573388076320390849e-02
1.924581384850366367e-02
-5.624482759456842992e-03
1.101337594177926975e-02
7.428225014104776480e-03
1.689928147420809157e-02
1.780611504801893341e-02
1.276157190625217507e-02
8.858525699586930827e-03
2.218723610898753681e-02
8.655308765647802549e-03
1.170138401603118723e-02
4.151602194619555611e-03
3.122876581591241263e-02
-2.637535161293056915e-03
1.760707364057034416e-02
6.977616170680402824e-03
1.758171817841467158e-02
2.349481873834506629e-02
1.071102212448108576e-03
1.986725608960271394e-02
1.391796218238468448e-02
1.019374206186086061e-02
-9.958317700283903298e-03
3.729227895784078747e-03
1.733976595445897717e-02
1.029565997003183304e-02
1.150955605856835220e-02
2.301758900297485450e-02
1.386182563617543474e-02
8.282919912058133577e-03
1.982390806569402780e-02
1.752801249755112784e-02
6.005142552276432691e-03
2.129657233819381296e-02
6.971632426727597878e-03
3.302257887856416968e-02
1.448398119010922344e-02
2.926543653881693435e-02
1.075726379463033504e-02
9.206280752483529325e-03
-1.638780197303497596e-03
3.959819477152220352e-03
1.116338961760870822e-02
3.396108069820690661e-02
3.298746027394453689e-02
2.795195682645982421e-02
2.579170053394650580e-02
2.169262726805849459e-02
1.488199961368982284e-02
2.731369378883435894e-04
1.411556860690152924e-02
1.348663200767332912e-02
1.494586421123967820e-02
2.096177158844151484e-02
2.134231326937366044e-02
2.363258536098670343e-02
4.690125261587168443e-04
-6.426048494406463862e-03
1.409783670140946250e-02
1.846480197408377488e-02
2.831351025875541993e-02
2.049793917595313028e-02
1.343108774334588265e-02
1.465277047190561080e-02
2.416637693758129715e-02
2.391942061418461316e-02
6.814681701584479265e-03
-9.655668963836003260e-04
2.009729158684702213e-02
1.750070733805100115e-02
6.469535264791754711e-03
1.401699976999988551e-02
4.327343214801561075e-03
1.985303839329603803e-02
4.476858854139282098e-03
2.898495428481757952e-03
1.896280406709920097e-02
2.381569328975816080e-02
1.484988066531395950e-02
1.490827318071897591e-02
2.568716895469785877e-02
1.848683386926101152e-02
2.428519940937614793e-03
1.668140054764558067e-02
1.776189875298047477e-02
1.404922552684072061e-02
1.160990650185412740e-02
1.012522344596710269e-02
5.795073975379278625e-04
1.132101011905117978e-02
2.841846627848113038e-02
1.479525125980444243e-02
1.409521412003803507e-02
4.643189271491479295e-03
1.209178781484267565e-02
-6.580291501420646588e-04
1.085788478368663636e-02
1.250686795758218506e-02
1.082098288396311780e-02
-3.599747488751053881e-03
1.880202589311915848e-02
2.521549072746670853e-02
2.388384245552631346e-02
9.452771321816684849e-03
1.917155359914270857e-02
3.221557527426516243e-02
4.307558785392389539e-03
1.297288329213418072e-02
4.321056980111578905e-04
4.990445034233804630e-03
2.091187393104002035e-03
1.655623896634035933e-02
2.771600247367112663e-02
4.013663220824196382e-03
1.620695931645148996e-02
8.945297552900651969e-03
8.684074676979658056e-03
1.707843164848654033e-02
1.148905671112358459e-02
8.037467475200898992e-03
1.008576724702067717e-02
1.016866101781642613e-02
1.572141835484548722e-03
1.609421829974652662e-02
8.912945270765191760e-03
1.100394589395518354e-02
1.818276166181706510e-02
2.847939179041738406e-02
1.897439934406811024e-02
9.131346811683248646e-03
3.704409403312904428e-03
1.832310003346802885e-02
1.484456899947296342e-02
2.208170549717628633e-02
1.219806155148170368e-02
1.983444746992050339e-02
1.606101638925783864e-02
1.773657793407379391e-03
2.398011690446720523e-02
1.487191211044832859e-02
-4.225018463467287641e-03
-2.723520475654724049e-05
1.425193216607602113e-02
5.117712971712077077e-03
-5.075468752391317298e-03
7.170541946427459734e-03
7.867328415125260377e-03
1.556691804119497008e-02
