4.473334694259474553e-02
2.994575349679915940e-02
2.377803639376706996e-02
-9.319903969982858832e-03
-9.841094973477591823e-03
4.666289288240817179e-03
1.157728918174768737e-02
1.133809007547635639e-03
9.960666835237445144e-03
4.598039507372577578e-02
4.729577243468732761e-02
-2.939267197262951728e-02
3.375030358078556780e-02
3.115957018448819310e-02
-8.913897046917178962e-03
2.732169156722891179e-03
2.113383309928854731e-02
-1.276525283708047215e-03
-4.464024306061468994e-02
4.641696732398897102e-02
7.782692966867400808e-02
4.988829761396943591e-02
6.514975902574684369e-03
-2.505114409914729889e-03
-2.570793111905353423e-02
2.048727098704081206e-02
-2.884074437893976994e-02
3.498583090472619922e-02
2.182371296073599976e-02
-4.339019979682591510e-03
4.755126356725643266e-02
5.913511987625481164e-03
3.941384065994885805e-03
-1.050273234522499863e-02
2.859155987987015146e-02
5.648735340846871428e-02
-9.651178829277691495e-03
3.594545824425865455e-02
5.456655115589396920e-02
4.795285510405434409e-02
6.091616041565064976e-02
1.616232748505634642e-03
1.177183765589940104e-02
2.329413680761097116e-02
2.658300364193241783e-02
1.846347425869328956e-02
4.458431951285144607e-02
-6.616649623712916872e-03
4.773304182058774742e-02
-2.777916692588582037e-03
1.795874874644068017e-02
4.109984017546179647e-02
5.016671934992873033e-02
1.829292126016385939e-02
-1.786937958628736361e-02
4.257262022193862572e-03
-4.384659431910184479e-02
7.665663847266114550e-02
-7.373271952373885302e-03
1.694725327137106344e-02
2.742431276602115900e-02
6.394639196967832895e-02
5.361079358259997207e-02
-1.323013127171854264e-03
3.576681520460867070e-02
1.109155537130803587e-02
8.478088701745781219e-03
1.006236011796631663e-02
5.805828696249698551e-02
7.349161497342111826e-03
3.558666312798391268e-02
4.109426622342407520e-02
5.729811241242485642e-02
8.492531413439894511e-03
4.866820622074154862e-02
4.403556617750670893e-02
4.297899347142970783e-02
1.486746904408860551e-02
1.614175576425052119e-02
2.948541867709520911e-02
3.947239091486141188e-02
3.234311761812810881e-02
6.161264414517570592e-02
1.653237642839505347e-02
3.050881650629173533e-02
3.969912337559036719e-02
2.503083244559413736e-02
-8.495362412543203817e-03
1.600953106064518378e-02
1.112440391988993998e-02
-7.817762695795340416e-03
2.937605929110542746e-02
1.836379925529479928e-02
1.361360647629136431e-02
2.045947582694572150e-02
1.232805087642127595e-02
-4.192660790186106962e-02
5.285433427637813153e-02
-8.511042386753750466e-03
5.823030313124793328e-03
-2.478952836230385176e-02
-1.009172610183316568e-02
-1.467666099282460487e-02
2.079698516168010380e-02
-1.797834335040292622e-02
1.536547468316965676e-02
-1.517711374716466249e-02
7.068720346918504899e-03
-1.660092135112492887e-02
2.441175427559789599e-02
1.904667880515230338e-02
4.050896353758045437e-03
3.470652218247254756e-03
1.322717977267115139e-02
2.916984405076882350e-02
-3.317930897354610942e-02
4.376223609792586483e-03
3.385784910518871427e-02
-3.007633341471619565e-02
2.715445167265281498e-02
1.136973460377004724e-02
1.613669921808660174e-02
1.304496866584176074e-02
-1.692032165473391497e-03
-3.473346640825644704e-04
2.604818604613374708e-02
1.537103921076608468e-02
1.889410333757862367e-02
-7.165888572683819235e-04
1.703898296680754834e-02
2.841081285855705935e-03
1.390541630687209401e-03
8.460231895196131113e-04
3.022916887265907071e-03
1.174855736767857137e-02
-8.868282263658960884e-03
-1.078215951208964796e-02
2.758137384174481205e-03
3.415019938983144404e-02
2.147129233713854571e-02
-4.832866754670536030e-03
6.347191490686535098e-03
-1.319209670969937603e-03
1.245697318316772370e-02
2.491194544359663296e-02
2.533962864659932562e-02
1.824710742124344837e-03
5.148054684065228592e-02
8.617308583090708268e-03
-2.744304558622578591e-02
2.362974629043301800e-02
-8.862238833885521111e-03
2.476897949955800260e-03
3.690946106030068563e-02
1.616309227463469389e-02
3.938909882696714493e-02
3.973634580968637975e-04
3.413109994428331628e-02
2.699594779432618399e-02
2.274112982812013725e-02
-1.082358085195040884e-02
2.721245595989683214e-02
2.446976446459851393e-02
-9.889249020557485531e-03
-3.762403869362248438e-02
6.767514729682062857e-02
4.666274805999889863e-03
3.225006651821904491e-02
-4.109733985484708557e-03
1.432727213329041543e-02
1.284305716188254010e-03
1.853100960700026015e-02
4.671544900780529030e-02
8.460683255343527664e-03
-3.346034126572922096e-02
-6.875065510344606501e-03
2.245808657210591336e-02
5.927216420567908706e-02
1.876689256261869845e-02
-3.617499908841873002e-03
2.643233161490045335e-03
3.281070379699124739e-02
1.561687706929194494e-02
4.892207325485393998e-02
-4.090077389280243059e-02
2.944587047152993214e-02
-1.597944625447704839e-02
1.121899495836884211e-02
-1.637178205286062005e-03
4.850689584181208658e-04
-1.156303620678483801e-02
3.009334734755154950e-04
5.184344380061916419e-03
5.715828655087830390e-02
2.071940689074194472e-02
3.737429247173224695e-02
1.866766496287780228e-02
2.390812390000674609e-02
3.875888448360174238e-02
1.799539487963795065e-02
2.622133336015215754e-02
3.391566268498638625e-02
9.960894137322845454e-03
7.107267527854803368e-02
1.204128961513856524e-02
3.854177234067543423e-02
3.660655448025762482e-02
9.686886489339293499e-03
3.131039816611570076e-02
1.927647271528291906e-02
4.730077331136277319e-03
2.028023981352553018e-02
5.196440041690992412e-02
5.820957142356593395e-03
-8.699864100814063556e-03
3.218320649898900182e-02
7.573652975485057476e-03
3.448778630995125161e-02
-1.292234298622295385e-02
1.748554958260976552e-02
-1.887617354376113291e-02
1.905689639200433896e-02
3.635780371158955915e-02
2.303082095465570564e-02
6.239733492712104534e-03
4.415707831613159551e-02
3.188062158130607060e-02
5.471241875320570491e-02
2.628954328940669161e-04
-1.628680523173114958e-02
-1.186065842310582777e-02
2.139815733917090068e-03
8.428919117629100899e-04
4.044158892857228210e-03
1.901033850758907309e-02
-2.939482698084165679e-02
-4.129626687157166021e-02
7.392184093557362806e-03
3.597129378898787644e-02
-4.058256021266044150e-03
4.885478215520523693e-02
4.241631297733980399e-02
3.239439502272963012e-02
2.099263448615677763e-02
4.217397792944180268e-02
2.259923321921897266e-02
5.754378047904706861e-02
-1.352033119189020860e-02
5.325614181293972238e-02
-1.741887424052568703e-02
1.709994307754185774e-02
5.810150990342741878e-03
1.139629180996598948e-02
5.706564639687058960e-02
7.318113616517052389e-02
4.412382117657001612e-03
2.245441694577212169e-02
-1.077615871929758426e-02
4.152992127648897497e-02
-9.042380514215114101e-03
2.199114264412576833e-02
-1.091129218434730430e-02
4.116860102648191300e-02
6.568034939843158532e-03
1.728831617782974200e-03
-5.337294540022928524e-03
3.933065936406854313e-02
4.047029371411674237e-02
5.137911454314823823e-02
3.196958406114403656e-02
4.503237975331253473e-05
5.392203591951767044e-03
2.385949212513019044e-02
-1.151257746755984801e-02
7.618991259877042066e-03
2.903403388811826719e-02
-1.685863309085182393e-02
2.447738852080497476e-02
9.675094034518515185e-03
1.607938369401465395e-02
2.425717250118672799e-02
2.030386345462960318e-02
-5.432269162031180126e-03
6.564324401047438862e-02
-3.429958212180336113e-03
1.047133011763676930e-02
5.917208428978772139e-02
4.838447913300246428e-02
-1.046231104710920734e-02
2.734461094221846134e-03
-1.206632049567504111e-02
4.634818417042334965e-02
4.707317230389293505e-02
3.258823300845942184e-02
-2.010979384428003211e-02
-1.696420913432507629e-02
2.346373191275306913e-03
1.975328603801879829e-02
4.378648908006590318e-02
7.494429498003225831e-03
3.281548675689451022e-02
2.606546374554619128e-02
-1.355068241416903380e-02
1.728566878233436105e-02
3.165988807914337649e-03
3.668400135399851186e-02
1.983652594955503598e-02
3.216709757496696853e-02
2.011754474671224868e-02
2.144483987800581415e-02
2.085544890126923151e-02
1.879994796348035194e-02
1.664433811014749687e-02
4.432129257256441079e-02
-4.916539388794468474e-02
4.487805231386463034e-02
3.560785002549337469e-02
7.508876313961663357e-03
4.853362342286155623e-02
1.943507631156722593e-02
4.921234171706805050e-02
5.241416674846441359e-03
2.649969171712326932e-03
9.634904812600202095e-03
3.317016201084531379e-02
-7.026689245950554219e-03
2.209602908428252160e-02
-1.929551500672847114e-02
3.588329023177745658e-02
-1.931893207846742400e-02
4.134231738056202976e-02
3.765040310343291396e-02
1.064724015064853063e-02
-3.925151891633393841e-03
7.988172765210577175e-03
2.027957214526372384e-02
-1.411576261732926801e-02
3.015571549001071910e-03
-5.424616297907816631e-03
-3.869782735818323716e-02
4.931951986998120430e-02
2.286189034424604416e-02
3.215750438290802815e-02
-1.923149963101705370e-02
-1.611299964947388030e-02
8.071342805716533869e-03
1.153222105791573693e-02
-2.628787543148901687e-02
-5.617290457131787762e-03
1.582160347634910952e-02
2.727823414928035040e-02
-1.711712325808834034e-02
-9.270610213235039310e-03
1.917614632234581826e-02
8.574346399399142282e-04
8.871072917343982706e-03
-2.764776153664357666e-02
-9.352402693122364302e-03
-1.551476007642299537e-03
6.315777771025220949e-03
3.984708824204301336e-02
-1.350204463215791406e-02
1.735824413080404999e-02
3.772577140468109935e-02
1.590441052364856625e-02
1.545674212578368456e-03
5.697756694549141465e-02
1.055932395891599762e-03
8.939118834306102740e-03
1.231459278768376811e-02
3.265484828187564109e-02
2.309983438661269983e-02
9.480398420546320981e-02
2.282758656939390743e-02
3.411119182387952614e-03
9.395361470102937124e-03
2.805045567946060428e-02
-4.126666573355551593e-03
1.012150582181379002e-02
2.448236653389716452e-02
1.328150558370995091e-02
2.478037493344929440e-02
8.011912097563331919e-03
1.949356582250118611e-02
2.379248740411352148e-02
1.332762173444176565e-02
3.569396037972241698e-02
1.751482763164153439e-02
2.318415147817966954e-03
1.994413443668277552e-02
3.370967632152548077e-02
2.389099082673036903e-02
1.558989988566978138e-02
5.516218054570365403e-02
5.828263777282908370e-03
4.132509473338562278e-02
