6.687453800780876478e-02
4.296550997498180258e-02
4.678075963666765424e-02
-2.376687861789070558e-02
-2.560049994817423930e-02
1.216140603833373857e-02
-9.774999453287067097e-03
4.999211449306085325e-03
2.271590442522313305e-02
6.688503215638050281e-02
4.534620970643918336e-02
-4.569299028231561116e-02
3.557178957317780332e-02
4.263190614138333279e-02
-5.699595766756111737e-03
-2.415022237234238506e-03
6.194534425831572932e-03
1.890301186823975868e-02
-7.259838567612665605e-02
3.951698000191668225e-02
1.164385281587805021e-01
6.116971447313775817e-02
1.928504165712881940e-03
2.108015086069021243e-03
-3.703817137135136106e-02
2.724887562116680775e-02
-4.340925771535264488e-02
3.619309420172919095e-02
1.510887730040666455e-02
-3.466749784379653115e-03
5.643657845875219015e-02
2.894856651443931950e-02
-6.448530409561396143e-03
-1.597222569555853747e-02
5.455388618157959446e-02
8.244451731870774958e-02
-3.486418601469697814e-02
4.371197784016828125e-02
6.249843402394857084e-02
9.741055646249993649e-02
6.505613510324161075e-02
9.962097092325386538e-04
4.937468531881039624e-03
1.541855716772841389e-02
2.554634599283231444e-02
3.276232431018762103e-02
4.411413979447330325e-02
-2.707419297840323730e-02
5.454160653489757704e-02
-1.634734032359295638e-02
4.711646426350189765e-02
4.794890835777886051e-02
6.385546974338862647e-02
1.746986016148148468e-02
-2.015441560773924626e-02
1.681867919719662319e-02
-5.107084956412658028e-02
1.158533988269996040e-01
-1.137013303066405565e-02
3.684590807076892904e-03
4.094353601049079139e-02
8.200321398552032348e-02
6.363148618544593738e-02
-1.772518107935269066e-03
4.360187050258872155e-02
4.414323490354276486e-02
-1.127540797876005682e-02
1.936193658829454475e-02
9.889552708242721479e-02
3.107355087044283079e-02
5.407335207640666386e-02
4.717766714756049806e-02
7.301194230445663680e-02
2.182452633692924873e-02
5.644733228262724389e-02
6.306814886091365036e-02
8.672493443072072650e-02
-1.230565200629248068e-02
-5.644949075229489105e-03
3.648089088923360535e-02
5.222641086453681802e-02
2.983041167980332239e-02
9.340013246319697759e-02
2.807242308888552307e-02
4.406631912178633065e-02
3.555994220284210139e-02
3.634843736107565282e-02
-2.365335511326081136e-02
2.495386309518701773e-02
2.250564821626887049e-02
-1.016168432854157658e-02
6.163744587915479661e-02
1.714063479818253577e-02
1.827606514706017066e-02
3.841947796470834842e-02
1.917299664907543694e-02
-6.017955043754306954e-02
5.338080465384820172e-02
-2.348932102561463592e-02
1.401472832987517292e-02
-6.823658519072352269e-02
-1.443436315197488967e-03
-1.784170217252501606e-02
1.633490560385328708e-02
-1.631028620047954639e-02
5.467265189751109589e-03
-4.078452595892595456e-03
-1.308865973143741313e-02
-3.611543582226153792e-02
2.394876659428112411e-02
4.592981837401070855e-02
2.372347125142645549e-02
-4.285373272755303026e-03
8.836768020980014654e-03
3.936943875063775300e-02
-6.129195320593730512e-02
-3.055485119056496751e-02
3.554103003681959028e-02
-3.577622605193848254e-02
4.316584729924774488e-02
1.210686426109410657e-03
-1.083649124952128576e-02
2.415787770576889593e-03
-1.572527577596097639e-02
2.701312222072080327e-03
3.466478533032135018e-02
1.719552472458931239e-02
2.232902186666802652e-02
6.196933615113659616e-03
4.791700583379147199e-02
-1.140058246369309025e-02
1.049148240153288322e-02
-4.982157200960807969e-03
1.394096153979951930e-02
1.008846433697050196e-02
-1.667003079619987227e-02
-3.366125212204230249e-02
-1.692325135242498529e-02
3.393769496201382019e-02
5.042633946242071341e-02
2.129327021660414043e-02
1.059799231560780083e-02
1.400019917699023980e-02
2.077061514975661605e-02
6.524654379354278416e-03
3.263230621164901757e-02
-7.077025749444708358e-03
8.530884214364069240e-02
3.073553923090215773e-02
-5.523247320334873089e-02
2.391310415106710774e-02
-3.677866650140822202e-02
-1.121003073477843531e-02
3.776447939620559968e-02
3.662202969334598518e-03
3.804519542655668274e-02
-2.505063129533150953e-02
4.641260134536897425e-02
3.787595147185961186e-02
1.332483337390401659e-02
-2.579709746310010834e-02
1.275608516855226970e-02
3.382331290221365916e-02
-1.872725577693860194e-03
-3.571818733092446685e-02
7.450207521881407891e-02
9.179479436383006924e-03
3.144410596769239147e-02
-2.157751982808123539e-02
-6.094006870295994027e-04
-1.119957856274010621e-02
3.171721334535740344e-02
5.966946470997901847e-02
8.147325209385224837e-03
-7.436290070384030115e-02
2.443095727290886532e-03
5.629894460547943402e-03
7.634846429302744042e-02
3.276844700200096105e-02
-2.396341911561193638e-02
1.118874387034095308e-02
3.730887944045747223e-02
2.614198537949884854e-02
8.763275162048822509e-02
-7.108543980181430966e-02
6.837390489399210181e-02
-2.109583631113320576e-02
1.964551475053585849e-02
-1.467712377254049710e-02
-1.180354833306908671e-02
-1.456678074350885310e-02
1.439227158459399636e-03
5.013858629792512789e-03
5.947110455792552208e-02
1.781945194173018693e-02
3.364570651731010886e-02
2.269304654628945261e-02
3.606294329051294711e-02
5.179385111487977422e-02
2.165455838142099979e-02
3.125661385160378308e-02
4.635948709597211004e-02
3.110960877255797633e-02
8.417127252499929935e-02
2.732461562189460180e-03
3.571804497421350588e-02
4.123484602235187590e-02
-2.800080716621407978e-03
8.537300701724898078e-02
-2.902048508717572362e-04
-9.032212424055992978e-03
2.766271400528766064e-02
8.005108852153355881e-02
-6.411412226509295709e-03
-3.677545272139479127e-02
-8.744964108873379965e-03
-7.605989599775778154e-04
3.704815044152862807e-02
-2.305437645417019940e-02
1.250170058740613863e-02
-1.089287735039961777e-02
7.610239594044363592e-03
3.698921420697809381e-02
2.739202446215079079e-02
4.156221489710575784e-03
3.921926515296371429e-02
5.398713875112928773e-02
7.419480207029945096e-02
8.474962221401243639e-03
-2.744040736228547592e-02
-3.150856543262194054e-02
-8.026946260108133030e-03
-1.094598180172621366e-02
2.095407802456395949e-02
8.240967263244369095e-03
-3.368986579449564922e-02
-3.010223424188989902e-02
1.126076230796301328e-02
2.492875981563447835e-02
8.934015615515371322e-03
6.627809025876049698e-02
4.428711737985404490e-02
5.356813176056791914e-02
4.957579188147007154e-02
4.937331648196058298e-02
7.311430507124679762e-03
9.190365647254897241e-02
-2.749155492080307753e-02
8.316161919721110074e-02
-3.436999510595526580e-02
1.481844155130348020e-02
2.343078236368602643e-02
-1.042063894431234303e-02
5.826229602593353124e-02
1.324630489142125112e-01
1.029548849183021392e-02
8.630070875739876551e-03
-1.361212903743206845e-02
4.817213119769718499e-02
-3.052017544017584377e-02
2.524486895325836130e-02
-5.635050186508092085e-02
4.650692214871032792e-02
-3.983794019814464876e-03
-2.439879783649658018e-03
5.819236436169113180e-04
5.896143338468028128e-02
4.275955033581860243e-02
8.046951664649401592e-02
1.874845134087320050e-02
2.696511690002182521e-03
7.628451303698595420e-03
3.165493679007941319e-02
-2.544692462767814828e-03
-2.205306281656872064e-03
2.240076949396734365e-02
-1.738333619468172137e-02
2.753856203235851424e-02
2.073205148670909451e-02
2.799462839618532470e-02
5.156096908344374313e-03
2.595195861691916225e-02
-4.981362222003303530e-02
9.267245536111753945e-02
7.278832224586265220e-05
5.728353405216938393e-03
7.430597349083846448e-02
4.315389463773679213e-02
-2.902508716990377657e-02
-1.524856103304074451e-02
-2.709038689379955622e-02
8.660816626923917294e-02
7.151967933443878489e-02
5.936585946964293564e-02
-2.138197067263292867e-02
-2.751106603936927242e-02
2.514228082502272671e-03
8.112637716032676527e-03
7.887213053533483065e-02
8.100432038656471545e-03
4.298828447233368766e-02
2.751951183102597023e-02
-2.941326858547339482e-02
1.804523869251023135e-02
1.582491426033935666e-04
1.917974796821447434e-02
1.211308810050792245e-02
4.839701353501385528e-02
2.541018070975091872e-02
2.407870785960387200e-02
3.122532669990890630e-02
9.258230993302002387e-03
-7.593914780131560266e-03
4.836170262595795855e-02
-7.506125956974346591e-02
3.374345098098577300e-02
3.391814941358746449e-02
8.668643705224399892e-03
3.750006520374508240e-02
-1.515797694189996436e-04
5.648355678142732983e-02
-5.616853273688077186e-03
-2.078784542432737109e-02
-3.101458451309050540e-03
4.968588218840354342e-02
-1.553434117164499001e-02
2.330693211754661376e-02
-4.091269628353753907e-02
4.438345902058700443e-02
-9.333826684476072971e-03
5.429490102109058025e-02
5.962386340825343023e-02
-8.177914498353894279e-04
-5.670738921512753078e-03
3.476207687292583171e-02
1.156167538831458924e-02
-2.239242838101124927e-02
1.136720922613929444e-02
1.340648502953623034e-03
-7.417084898047618391e-02
5.431795429067236974e-02
1.530839610535255843e-02
5.311862238582682610e-02
-4.369831933881015984e-02
-1.371052628051883451e-02
1.535650004177386077e-02
1.546585883330568040e-03
-5.329370728476059971e-02
-7.167125560840734849e-03
2.338734740216237562e-03
5.199258999879508014e-02
-4.117267586069682517e-02
-2.058595871514531592e-02
1.859048527794356087e-02
-1.946083442009752251e-02
8.210289937225889734e-03
-5.360652927504921950e-02
-2.162235602007422583e-02
3.820566176719424750e-03
-1.131095319469226784e-02
4.225689109367825741e-02
-2.346524351084418661e-02
2.393423072233477264e-02
3.795716016811261084e-02
2.864050381393563188e-02
-2.024754283026662313e-02
5.406445762233873242e-02
-4.273507802402466693e-03
5.534240925700671665e-03
-9.132990319664888862e-03
3.886017831310491222e-03
1.334560183391925864e-02
1.052546187290047119e-01
4.490691806699800837e-02
-1.132019481084837673e-02
1.170786614880497956e-02
3.419264207570964220e-02
-2.172954521659492197e-02
-2.804344639699418024e-02
8.888021258482668718e-04
-6.830330733387686426e-04
1.972312557289051041e-02
1.434666512977483474e-02
4.820317982489754488e-02
2.773554739065865055e-03
-1.325956735462351446e-02
5.079414982549967927e-02
2.119274059920053105e-02
-3.237833591187284921e-02
1.042741191836115203e-02
4.848956160318491915e-02
4.543796434014200913e-02
2.453365131334137028e-03
8.323725941969768727e-02
2.778967932213277994e-02
4.638504981786971404e-02
