-9.741533200335470433e-01
1.446077141212117612e+00
-1.328337988492677146e+00
-3.931597637605429574e-01
-1.861707870465530157e-01
-3.728975620143604175e-01
-8.971572600819539556e-01
-1.134013726231072328e+00
-6.892215420635421363e-01
-8.291366782193124174e-02
2.810249400801828057e-01
-4.915306986866052052e-01
-6.659621010662256091e-02
2.478074609056173105e-01
-7.202380655158750755e-02
1.635859179896120563e-01
-4.112599944778208561e-01
-1.384047810408662649e+00
3.734591291216334263e-01
1.349650347649167470e+00
1.371467428470921623e+00
4.098015333984172393e-01
-3.611302900636121360e-01
-2.316931681499838358e-01
9.053479934012558239e-01
-1.962454083212444633e+00
2.971881546810988817e-01
5.526088729792416609e-01
1.465090834851778823e-01
1.359091770319384551e+00
9.143911491124897539e-01
9.909331287923272419e-03
-2.049717006476281522e-01
-5.411409648260541161e-01
6.167827789237705360e-01
4.062552308819075697e-01
-5.751460471116706108e-01
9.488183857406418120e-02
-8.641369749724190363e-01
-7.323119358096094045e-01
9.062022755033493082e-01
-1.619474475785727674e-01
6.961611643148495343e-01
-4.516533549299465156e-01
-2.861575533906530189e-01
1.640645290330832243e-02
-1.251360897817870521e+00
3.808263843434239737e-01
1.357895687112406602e+00
8.049878450890251003e-01
6.864459155419040393e-01
4.440420536572052823e-01
2.899039957851335877e-02
1.031956462528826224e+00
1.115940139893189631e+00
-1.907295444579152566e+00
-1.710997367524658697e-01
2.287296784024353269e-01
-7.737699210161435026e-01
2.532604498419654959e-01
-3.474830529516007571e-01
1.425753672318573306e+00
-7.267418361056774412e-01
1.280640478612407929e+00
-1.801293825553796246e+00
-3.178487481679698745e-01
2.076997893799453543e+00
3.156740333667473752e-01
6.804590720814271965e-01
2.048933122907905524e-01
4.249095919960462209e-01
8.102090244150631504e-01
-3.009500672394408993e-01
2.612141400592197238e-01
6.277716011528672313e-02
7.913483771297856739e-01
-1.291899641898252571e-01
-1.156004415594945600e+00
-5.207592741805895376e-01
5.048812108010030109e-01
-1.383430077824836735e+00
2.834651124654838372e-01
2.450881400120974163e-01
7.676681564025991111e-01
1.142954660588659799e+00
3.967041969148964176e-02
6.920907167377724489e-01
-2.377018075122488971e-01
2.006737260741796314e-02
5.187861189836926457e-01
9.146373967660417770e-02
9.956685920421339819e-01
-1.294367838854058178e-02
-3.539154732578708162e-01
-4.540408110454088875e-02
3.984086033828502238e-01
-3.867513547838521970e-02
-6.811565212071166719e-01
-1.074480019300737776e+00
-3.897777417251052645e-02
-1.397970338850405836e-02
-3.330677751018240595e-01
1.832518137180212114e-01
-7.545658175342763174e-01
-2.384228435333373697e-01
5.864087111201451430e-01
1.129425163691612083e-01
-1.495229053711695233e+00
-4.289553583748847432e-01
-3.713193702183654743e-01
-4.331514938901952494e-01
1.617599624564336480e-01
-6.748315971280070824e-02
-3.829426694129451914e-01
-1.455336423203807739e+00
-1.308988762672685935e+00
2.975543542335404856e-01
1.716766508886106157e-01
-1.564967791375174722e-01
1.808119141940348340e-01
-4.896862633012619703e-01
-9.444924852867276899e-01
-1.721892112381464779e+00
-1.581461183362375955e-01
1.245367168787427370e-01
5.959371929887778974e-01
3.706724349797445028e-01
-1.940014503391512601e+00
9.907809151817001947e-01
6.949599025023638355e-01
1.168797434169653648e+00
7.561915636316798306e-01
-7.265509491796657837e-01
-4.164920940564532659e-01
-7.191586316136142076e-02
-7.530859078547988972e-01
1.171689446743972018e-01
1.285890892038056510e+00
4.938162167642199951e-01
3.733208738371758539e-02
9.295994832708801558e-01
-1.751462630847684943e-01
3.740816785664685673e-01
-5.494943882862769469e-01
3.762333797444020744e-01
2.897858741153558904e-01
1.104880918623513952e-01
-8.312431198342462579e-02
7.334669298699575402e-02
9.069077256150438471e-01
6.988333722932261738e-01
8.069115358014556927e-01
2.613791149089045862e-01
1.080007550819439555e+00
-3.405892050955956762e-02
-1.171524289548978803e+00
9.636922463610890777e-01
-1.013783394875744093e-01
-1.381549593575141788e-01
1.659563383919847812e+00
5.906191919152856684e-01
8.539632912173273915e-01
-2.189579346159680473e-01
-5.827215131285863325e-01
7.343063362689377094e-01
-3.460193318771290216e-01
3.496888215181793713e-01
-2.672959003856792415e-01
-2.505329348163654601e-01
5.225850847754950207e-03
-3.242453987002428817e-01
4.785157379736663108e-01
-3.746315443430837666e-01
-1.966813310066379758e-02
2.379362744713239275e-01
3.572481033042725351e-01
-5.660661326523936943e-01
1.778391857445033031e+00
-1.068465664201393883e+00
9.602935283746298900e-01
-1.166405904656308418e-01
-7.203440662231115343e-01
5.278389330329653906e-02
5.333052742086816789e-01
3.391748229070715714e-01
-5.043539466991689979e-01
-7.629483657248874451e-01
3.689420743878054632e-01
4.829744828983580929e-01
8.036921347703773755e-01
5.665526644569462977e-02
2.119183519544609318e-01
5.614605180146602370e-01
2.995761107173548488e-01
1.500188553655714963e-01
-3.688498208928303046e-01
7.237713505796711244e-02
4.564306462506498296e-01
-2.786751157519818389e-01
8.332537088122803359e-01
1.473135323633748550e-01
-3.827074481871345357e-01
5.540923184996516815e-01
-7.077030428514643479e-01
-6.644440753045176562e-01
5.802289068672155103e-01
-4.822637164834740475e-01
4.760706367215445933e-01
-3.384664446110681180e-01
3.470139974911207736e-01
-6.244618503673486920e-01
1.583744680364901347e-01
4.984452306015904610e-01
1.310834959955252454e+00
1.121335863987297232e-01
-5.553755463285104943e-01
-2.072351661264307254e-01
7.717069276267926048e-01
-6.422408973810549426e-01
-4.269901807067734423e-02
-1.008772053741634700e+00
-1.125942394535654589e+00
-2.910882234873520269e-01
-5.464991208820073609e-01
-1.142921701166441095e-01
-2.605946410542619995e-01
-5.833661051494782868e-01
-5.341924500138478527e-01
1.124441837131362254e+00
-1.231674922371880809e+00
-1.159505095974685318e+00
-1.648013660730864582e-01
-9.307759486595936771e-01
3.442728998103899291e-02
1.213181683439356506e+00
1.024748458663124334e-01
-5.763508512704847153e-02
-3.028780608373694561e-01
5.483646677484285137e-01
3.614007131375758797e-01
5.493337654248396928e-01
4.935942989550609616e-01
7.110502285944587664e-01
-1.309302733058308688e+00
-1.004324599719738642e-01
-8.488680510861162931e-02
-4.528823927829656038e-02
3.165999250989459113e-01
3.942873711392078651e-01
-6.879493842974699902e-01
-1.044351977163576084e+00
-2.647639041148636130e-01
-1.591666130004441460e+00
-1.316441814626411633e+00
8.040585128441872786e-01
-4.493116088315496914e-01
7.933081863807260603e-02
7.727457458523739886e-02
-5.698176938966308391e-01
-4.267148752231315623e-01
-2.746477443858302836e-01
-9.621289780091533128e-01
-2.939080793709089590e-02
5.486291142927947062e-01
2.766918056072917853e-01
-7.503753163084225797e-01
-2.129502931275581712e-01
-8.842372979390069609e-01
-5.543003927628186167e-01
1.141943794099049558e+00
4.514143912760149036e-01
-5.135643423759054249e-01
7.445724140099915234e-01
1.079878142256201767e-01
-1.649728195663754948e-01
1.690035847805878788e+00
5.772742967414371540e-01
1.644790438324395421e+00
-2.925544040665253864e-01
3.997097591670562555e-01
6.130290337257137123e-01
1.118955920812047256e-01
-2.225707520758406222e-01
5.426312091184619657e-01
1.881568335674066450e-01
2.402504386947384440e-01
-9.043465620229766688e-02
5.591939969339189132e-01
9.318868947877912978e-01
2.784074414595136826e-01
-5.529275881487499822e-01
1.076842237475273301e+00
4.796435110444976502e-01
-4.010596349612793321e-01
1.024964125954865440e-01
1.040732008154809485e+00
-4.265023146741344640e-01
-1.790811674572059031e+00
-4.327033279033672963e-01
3.287679319434712588e-01
1.283500277185205263e-01
1.242243719137192226e+00
-4.767188189309862767e-01
3.523766834625731426e-02
5.919160143136676933e-01
-1.025329376607977849e+00
-5.310095836353369014e-01
-8.620053086707784029e-01
-3.181829781793600320e-01
6.643483330162608391e-01
-4.111193061611313482e-01
2.053029278284844161e-01
8.686104307072519681e-01
-6.311053139229215736e-01
9.915008310778106182e-01
1.116714901147240063e-02
6.642755134468971701e-01
-1.252190251572068647e+00
-1.524094837829229609e-01
-3.876188892267343755e-01
3.335372939106401868e-01
-1.925202467822489591e-02
-1.012806089874955795e+00
5.878460941759433567e-01
8.537562760256895977e-01
7.243186078108780901e-01
1.477825635904159163e-01
5.587345313930702773e-01
-1.009555685623251056e-02
1.766310240400311218e-02
1.195849356877682013e+00
-1.251198083929327964e-01
-1.358924323016080793e+00
-8.397785376591744289e-01
-3.379471145436303003e-01
-7.089049032563539132e-01
-1.460478349898767028e-02
-9.611008065916296084e-02
1.720577189432013432e+00
-5.649990341166050145e-02
8.478184676146220677e-02
-9.208459027531791519e-03
-9.989649529784589976e-01
2.158483568857877677e-01
-4.506763149566451188e-01
-2.330452510318156145e-01
1.628699451003661758e-01
4.466019858355436689e-01
1.944887026074891556e-01
-7.506485574261992921e-01
-4.332360169842391917e-01
6.639304265626069790e-02
3.521587354085675692e-01
-9.640581044976004321e-01
-1.491765112818737304e-01
-4.950968821507173434e-01
5.859855210150130000e-01
-5.568032127491091554e-01
9.995564124285266638e-01
1.078461015011566992e-01
-2.550777751589583531e-01
1.056999592810490718e+00
-6.102708324728730593e-01
-3.452146810201617844e-01
5.349395334090042281e-02
1.930101199257582723e+00
-1.562456819209645520e+00
1.143837725818248607e+00
5.331190726816227299e-01
8.105105129561029909e-01
4.854938333720637544e-01
4.306564794171569011e-01
-1.011534000149657553e-01
-6.828545135693535606e-01
-1.280609436615850472e-01
-1.767505758278570607e-02
-3.299575594780765897e-01
-9.997591967515643274e-01
-9.048376441160144168e-02
1.076478377158564648e+00
-9.775504598334635586e-01
1.498625124827171473e-02
-1.382639865563611292e-01
3.856323141899281604e-01
-2.165267227041755838e-01
-1.147212260261311345e-01
-5.289192844316025210e-01
4.624563053096480969e-01
4.143062956343160907e-01
9.734128831350492561e-01
-5.980345518974974350e-01
-1.221946514383565746e-01
-8.834212048095121395e-01
-3.771788196603880206e-01
2.151243490243040235e-01
4.998512308694095796e-01
