8.969657386480381356e-03
6.123476420878178755e-03
-8.242166451609654609e-03
1.144364560352642904e-02
4.860828663157687815e-03
9.174175830719685440e-03
7.970396478001297649e-03
4.180406443551054618e-03
4.094088936968365983e-02
-2.334533640367432439e-03
1.200388370342685487e-02
-2.679792705532020244e-03
8.428192811119712344e-03
1.250140708477375136e-02
2.669592673244066544e-02
9.210357871087806667e-03
1.019134983887684531e-02
2.250378259290128358e-02
2.142667931826833586e-02
2.683667545771302107e-02
2.003979722735443891e-02
3.104192674761594231e-02
2.870928076139471485e-02
2.061239566351695876e-02
1.496729062125200412e-02
1.049832808139096983e-02
1.420063157155111028e-02
5.623455376219900145e-03
9.171684444062213476e-03
1.057105838739510160e-02
4.097036858335297016e-03
2.549839070487565362e-02
-1.760745286643536356e-03
2.817851125232560122e-02
7.644021315766280286e-03
2.826639311811183358e-02
1.034683069564933458e-02
7.150617155043080542e-04
1.796360166188493146e-02
3.696854726522454115e-02
2.836026506020734167e-02
-4.320197349239806792e-03
2.122778769441528365e-02
2.582638788195777690e-02
1.543028099476511338e-02
1.576675671795048014e-02
-5.940480694046484933e-05
4.176752240416407164e-02
1.084384572044736969e-03
7.135797726206998329e-03
9.722203018162510132e-03
9.220184912968384244e-03
3.061349065276095655e-02
1.705604983093269439e-02
2.540959197511155621e-02
-5.096195315751651800e-03
3.174752217754730349e-02
1.328226032587331330e-02
5.442177808530693217e-03
-6.014428807318943082e-03
2.024594660302351384e-02
2.668802987629222134e-02
1.869180572638633187e-02
-7.080657529332842065e-03
1.253913457126299216e-02
4.265452503503026210e-02
3.839271489662052922e-02
1.016203919986189905e-02
1.365131076565058443e-02
4.187756419012583081e-02
3.261619272248066081e-02
-1.965226698867131305e-03
9.717985444053587468e-03
2.181652319391950284e-02
-5.726370412113043068e-04
8.420532450939986410e-03
6.161462628665364052e-03
-9.661186652119803028e-03
1.496556806580320344e-02
-9.509803312440908915e-03
1.142870360197131493e-02
1.066758917819338875e-02
2.041113699426280736e-02
1.783058890456894544e-02
-3.666256992377195725e-03
1.432380645429661564e-02
1.315285902244146821e-02
5.906161681996100268e-03
8.179439897620065236e-03
5.180696245396443009e-03
1.823583444347705307e-02
2.247450656524850598e-02
7.962004531355901943e-03
1.705582439128089378e-02
1.602012597712898154e-02
-9.748167277265091385e-03
1.194836409102984463e-02
-2.726917139799882317e-03
1.544579698979807111e-03
1.930632763321769169e-02
2.683501669823746411e-03
1.659478319438662669e-02
2.256927544712263728e-02
2.262810166293118680e-02
5.105178107323790626e-03
2.060052246707465978e-02
1.483868816229235409e-02
-1.563100579148130748e-02
6.820075636381145792e-03
1.713799067705495255e-02
2.844828130861155879e-02
2.445241418612123172e-03
1.217451642013884366e-02
1.146437214372493865e-02
1.693734276905299596e-02
8.022406500455495776e-04
1.257569022421230719e-02
2.196327140540580564e-03
4.807852195094948489e-03
4.192865844438141421e-03
1.904046056097752695e-02
6.844932525828127320e-03
6.089422787013704791e-03
1.864977978607100170e-02
3.870978113284491776e-03
5.286760440431819211e-03
2.402565141339074728e-02
9.902312226107027118e-03
3.537432619403536871e-02
2.708766748418538553e-02
1.311710286276364379e-02
1.620496547761366563e-02
1.787219623817739439e-02
2.195293067119657993e-02
1.005302231092908283e-02
1.301527041386449195e-02
2.222790826360204752e-02
1.543020638521423217e-02
3.372250518141613196e-02
1.285812124081795946e-02
2.735442815830640972e-02
6.681351963877257827e-03
2.106867953075453742e-02
3.254486223904985709e-02
1.622450098424740861e-02
1.431636013228322971e-02
4.719560646482042626e-03
3.858270383693063882e-02
2.501611761104129139e-02
2.940894346975187618e-02
1.574178654305972980e-02
1.325370493111807657e-02
2.343579514589928109e-02
-4.490439221288200153e-03
-3.235656730027867967e-04
1.956430816069606310e-02
-2.448341929578339363e-03
4.650465755408608390e-03
7.768817260243622569e-03
4.582557293565147141e-03
4.515782110424424248e-03
1.019080988201816716e-02
1.260140568266886543e-02
1.439870806965086111e-02
3.254301478715751483e-02
-1.282877895733038065e-03
1.825806195257104886e-02
5.561039634600925888e-03
1.006144773014092456e-02
1.885519428220346072e-02
1.903625357948151089e-02
2.838148172504542308e-02
-1.132587116641423086e-03
3.203987242672212341e-03
8.600480484045429364e-03
1.387227446710971590e-02
7.952157760880516207e-03
1.022685600887224266e-02
8.669910564814871379e-03
2.012508514164995654e-02
2.166123616111092359e-02
3.583598048939413624e-03
1.501364466909819659e-02
2.656591244833999416e-02
1.094861624258168520e-02
1.989764754057393725e-02
5.588686272771747898e-02
-2.341694280949659437e-03
2.013158945207611794e-02
-9.695465895666202996e-03
1.138934432763605634e-02
1.897552961187022602e-02
1.613322743439653262e-02
1.575802279589009341e-03
2.141148418650463958e-02
-1.072453188732809017e-02
1.267011240324563380e-02
1.012967940641580286e-02
-2.505893728706127047e-03
3.920417158097619370e-02
1.542244272439395603e-02
1.621258503379435778e-02
1.883449449605677922e-02
1.215945182957620802e-02
-2.780561194620067428e-03
9.846787456996063462e-03
1.804572667738706115e-02
2.179832668296507320e-02
3.072387762253060359e-02
1.246948795017205174e-02
1.141480654050671534e-02
1.588224648569519504e-02
1.697443611317173834e-02
2.070213611465816089e-02
1.031292518313121215e-02
-1.537976643320518311e-02
3.052885585475053828e-02
1.209832358327676653e-02
-4.566406721190395882e-03
1.429559379048784065e-02
-1.318123927182036914e-04
3.058878810008906421e-03
3.770007652365604811e-02
-1.129063847472785986e-03
1.050319522303811391e-02
1.286046293660466494e-02
1.294265268556257266e-02
1.518252092995260247e-03
3.120562050278601757e-02
1.881445868665415633e-02
-9.208805025092033081e-03
2.412509890648526639e-02
1.392437128246160061e-03
2.496594915069995022e-02
2.532230825730167473e-02
4.185786865768380965e-02
2.021037120454590580e-02
5.584712278680773259e-03
-8.449890600898055104e-03
1.678117485091375899e-02
1.906640823160440923e-02
1.311442188705325140e-02
6.210642958631327690e-03
2.156585530719393878e-02
1.967044421080536148e-02
9.203628649028898490e-03
2.765050605279735854e-02
1.127733478479251567e-02
1.244649852819429241e-02
1.324220769728052215e-02
4.995018189106383705e-04
2.982353338491390560e-02
5.833745581843652675e-03
1.149518747104962511e-02
1.838783863498812468e-02
2.436571883904844332e-02
1.133636577674622913e-02
6.768378272073768270e-03
1.834149598916322982e-02
2.522526546197858405e-02
2.096356496129934618e-02
-9.372029127818985034e-03
-3.080126793143719843e-03
5.759842493497759411e-03
-7.663841930626285465e-03
3.606493330894772198e-03
-2.383263328726353478e-03
1.219782697221962441e-02
9.577003371292651737e-03
5.197567211792262706e-03
-3.506111522558674407e-03
8.876741694489312037e-03
1.858091957536033012e-02
9.994966827419253866e-03
1.793052302020975777e-02
3.709569184614262827e-02
2.725064947594365086e-02
-4.810747858071126939e-03
2.103030764966625291e-02
1.047588291104286848e-03
1.684491671383608891e-02
6.932521696692787311e-03
1.840977791456921420e-02
7.220752392600431752e-03
1.132804089435506152e-02
4.217676847373238308e-02
-6.084609357334272786e-03
3.056573089835271095e-03
4.196103727076043108e-03
8.391371891635201336e-03
3.131457530070312634e-02
3.031624768163597092e-02
2.844162444706365561e-02
2.028990472164760722e-02
2.585215197923835390e-02
2.966369553456900052e-03
3.919821180038756889e-03
1.720071402230101756e-02
1.207284824961628832e-02
6.218805251758966965e-03
1.156713370503055505e-02
3.987051523738635930e-03
-7.730351971459376373e-03
1.751908949734733503e-02
3.291464528699496531e-03
1.066729094188732102e-02
-3.311344004900424604e-03
1.506145828239558067e-02
7.865984402692640862e-03
1.536850831520469862e-02
2.429879563360656802e-02
-1.716473781876995050e-03
5.914215776626624566e-03
1.876507689614729385e-02
1.454959430733325336e-02
1.034262152692264417e-02
1.341496079266644645e-02
5.415293260136108677e-03
1.808860239481802079e-02
-8.907090423942477797e-05
1.338977632377993596e-02
2.026253277182538809e-02
-2.750840963720970270e-03
2.288809271799073855e-03
1.401694412979648079e-02
2.337731815029026050e-02
4.102867394481599789e-03
2.412273220524749004e-02
3.353284860490614305e-04
2.785569301771579839e-02
2.265428680527153613e-03
1.458397382703876567e-02
2.204505309709063610e-02
2.301764505982361458e-03
9.759882606547353248e-03
6.332195992788426653e-03
3.757756355751385932e-03
2.688543937944031306e-02
3.580183660810958013e-02
1.607776492807527421e-02
-3.012937789839374714e-03
8.987917185590311997e-03
1.294920736544098901e-02
1.289436814549408533e-02
1.215175238949694862e-02
5.032968122012969683e-03
2.243816501307438482e-02
-1.211344676119111702e-03
1.958090042975606584e-02
3.461928958457521216e-03
1.465118889295055626e-02
-4.386456918775601121e-03
1.339292916207842840e-02
1.158389529583910699e-03
1.182323745162734349e-02
1.232094804469090719e-02
2.468693260916964352e-03
3.505102111343132154e-03
1.733727284595003998e-02
1.081644458563857554e-02
3.535200498945133968e-02
2.147829876031423155e-02
6.807000988811873210e-03
8.665772770442125433e-03
-7.267566457090247206e-03
9.956424105688138973e-03
-1.599854624065371808e-03
2.020155234999639754e-02
4.314767070559980336e-03
9.529113767477647920e-03
1.869463451228750572e-03
1.794602357985340332e-02
-1.274994312906959672e-02
2.293234338953206719e-02
1.352601087183539184e-02
2.508076202443311822e-03
2.028544783168505228e-02
9.973437555665419854e-03
5.475461301741894535e-03
2.334758275415547285e-03
2.295016605337718563e-02
1.658333142121031639e-03
2.478711754348383173e-02
4.033822602166180910e-02
1.774916734580309421e-02
7.037146772766863720e-03
2.425719172573780752e-02
1.242274709646586962e-02
8.960338338558056573e-03
-1.436773505743152782e-02
2.042969908015185992e-03
5.810115293940557035e-04
-2.062313239071101104e-02
-1.782520513020210626e-03
-4.610922688114043114e-03
1.374306192939355950e-03
