4.183049844213106161e-02
-4.130602479207991229e-02
-4.439665285257543004e-01
-1.694070521202463986e-01
1.188427471638604793e-01
9.655308943571075386e-02
1.830968958707129834e-01
3.485624419693742482e-01
-4.278475999302962934e-02
-1.826746480568609277e-01
-9.654292572205701306e-02
2.226953632672853400e-01
2.023882687595278118e-01
3.205976002407627257e-01
-4.155453533770429170e-02
-1.437414867807098040e-01
-1.029893508837339405e-01
4.498044829451841586e-01
-4.288093693167639997e-01
4.230278829643878691e-01
-1.876688256209883554e-01
-6.308985595049351747e-02
-1.361224348313916643e-01
1.473265162459701516e-01
9.518250336875014317e-02
1.117954126011026367e-01
2.701483874356986337e-01
1.931041349116825040e-02
3.634618584107168204e-01
1.906041759574606254e-01
-1.650574434566830784e-01
-1.901016368665856826e-01
-2.500089953529535114e-01
-1.607822239452801338e-01
5.083605582687499014e-02
-4.047620075710721133e-01
-3.477514658947362114e-01
1.179620467016060346e-02
-3.000922409820513947e-01
1.108101471496712176e-01
-2.292175631538611036e-01
-1.676681944912576938e-01
-2.868868170909337212e-01
2.584616862811732751e-01
2.168244941049651264e-01
-2.919458634209286599e-02
-1.977088615420984352e-01
7.258910743100069687e-03
-5.368616657838098244e-02
1.237522247018966459e-01
-2.462573941733736393e-01
-1.194681645984756041e-01
-1.276880633457074254e-01
3.804813396053145780e-02
1.463782711992692998e-01
-6.583652298573654249e-02
-8.266883653813153487e-02
-1.141783125671803380e-02
-3.729097918351667595e-01
7.161470970588768026e-02
2.139222185117452546e-01
-3.577011910617776680e-01
1.174232338145815152e-01
1.640451877057937380e-01
5.701564019071776734e-02
2.650219083023667155e-01
1.828791435213566463e-01
4.028246997831131382e-01
2.372664130602354093e-01
-4.034404860021827410e-01
-4.501699787416289095e-02
-1.449628964400466180e-01
2.961006396613807823e-01
-1.999476262296046025e-02
3.558776230303573596e-01
-5.125675546029698909e-02
-1.791613335169357779e-02
-1.405966260931480402e-02
-2.234121367258649071e-01
3.198911844456784476e-04
1.435270130642707920e-01
1.867484993770450186e-01
2.803055736972567824e-01
-1.343719661237530345e-02
-3.827059552467633186e-01
-1.714649548065489415e-01
8.383656731617622482e-02
2.091217827238248950e-01
1.566175941288212303e-01
3.856209695352525585e-02
-1.722205165032627411e-02
-4.247495195753100972e-02
3.726726999731114903e-02
-4.780387257235338971e-01
1.126288750984610759e-01
5.209875288109577091e-02
-6.545714906042586489e-02
-2.343369859646829978e-01
2.208980453938279853e-01
2.000752262526563907e-01
-8.469003848164947945e-02
-3.545799504178421269e-01
-2.075625904658870424e-01
1.669177988475111230e-01
8.928427876947872543e-02
-1.702538484819125231e-01
6.334285727772689945e-02
5.421315602790471866e-01
-2.805943418879140450e-01
1.763445723484603489e-01
-2.711877573711367340e-02
1.566307239319371936e-01
1.795834076493194320e-01
-3.874957904669417558e-02
2.514374831578265468e-01
-7.103091448364174526e-03
1.777393427001988657e-02
-8.756675687596711388e-02
-5.441163829745134656e-02
-2.459841629772369365e-01
-6.418468779119938794e-03
3.397244034832644921e-01
2.888982501185434135e-02
-1.795330213400191943e-01
-1.520357141989383820e-01
1.424396481591544139e-01
2.291806954232073201e-01
1.151724392986037127e-01
-2.806634967072963449e-01
8.358173760959297649e-02
2.758562814464674551e-01
-7.029498576760764839e-02
-2.842132910897098852e-01
5.165843749495767356e-02
-1.246781580420867064e-01
-2.917636954683865413e-01
-5.475385488721225963e-03
1.753130462895374775e-01
-4.408240615630371062e-02
2.210948999243176477e-02
4.302132836666842652e-01
-1.056500657238228780e-01
3.915474113756499119e-01
5.099435335188707841e-01
-9.803281771436228587e-02
-1.850580218027400858e-01
3.309734234296131117e-01
-5.280168663563098441e-01
1.001478787278383548e-01
-2.602056073940233194e-01
2.252825047119124680e-01
-2.845684185519284370e-02
3.326458266959397836e-01
3.706854417671337498e-01
5.850617689085441109e-01
-1.021842945526490742e-01
-1.798696110492896960e-01
-1.608021853039703630e-01
-1.606684895038629768e-01
-1.544048351092733307e-02
-2.352024766832107039e-01
2.246166882030286860e-01
-4.082469105392889930e-02
-1.721457124907629088e-01
6.276370144089901681e-02
-7.850942177063632843e-02
-6.586224338542794043e-02
1.669957903650277076e-01
1.671272366728557557e-01
-1.791095085872571047e-02
-1.808317988786995734e-01
2.583058842692620427e-01
1.289131469731381596e-01
3.716927381977001010e-01
-1.955621710778759070e-01
-2.724281305198353320e-01
-1.080863539647205912e-01
7.963420855840824819e-01
4.028753368797897694e-01
-1.745483180390506317e-01
-7.435567214039439515e-03
6.381164542057531364e-01
-1.884883707454784729e-01
-3.267963739947997437e-02
2.406393430144049828e-01
2.263738942534559151e-01
1.262256501997559843e-01
-1.001853576174022327e-02
-9.147035884410705670e-03
-5.759599673541843101e-02
-2.192228379117475701e-01
1.513847469306039140e-01
-2.316570822837152044e-01
1.443019401473012442e-01
-3.287566872604248402e-01
-1.154163150183100256e-01
-2.303305885607019876e-01
6.938387111549956798e-02
-5.755239064468535559e-02
-3.444619383212602082e-02
-1.420370862789999689e-01
1.275324052567055610e-01
9.665357367153340484e-02
-5.843088371377147539e-01
5.933574241454253606e-01
-1.020465582196657672e-01
-1.246953222193987638e-02
6.326521857332575993e-02
8.353104657861121218e-02
1.275750101140129822e-01
1.169725778287744739e-01
5.580000713313781197e-02
-5.707360125659827893e-02
3.911703604870611639e-01
5.940987839879227073e-01
2.140666240539571830e-01
7.757209477955406829e-02
3.581768725902233913e-02
-2.770675680719720257e-01
2.339999852614350340e-01
1.941233274944863946e-02
2.839501334364841201e-01
1.295550706783204775e-01
-2.194366626627899108e-01
-2.541325250110565773e-02
4.906138922730243768e-03
2.083091253743888926e-01
4.091407899519201030e-01
-3.165180421603788208e-01
-5.566315949773534832e-01
1.902814044635058599e-01
-3.094464996939023660e-01
5.291140047251883249e-01
-2.382558717007197402e-01
-2.474644002851666136e-01
7.154366940917694651e-02
6.774670695023075548e-03
7.627638049530854891e-01
3.774765058200676981e-02
-3.619298373313956652e-01
-2.108975232396571031e-01
3.632119682723698451e-01
-2.092008874398528506e-01
-5.723568199960881592e-02
-1.297276137986147215e-01
-1.662038259195145612e-02
8.527758235868156123e-02
5.032595896052480949e-02
7.693383419339018536e-02
8.677985631934321750e-03
-2.687645479199967657e-01
-5.941965832001494530e-02
-1.806918549996287468e-03
9.529692927166835692e-02
2.021863985684299037e-01
-3.376219959178710095e-01
-2.816939863028015134e-01
-1.699170405041124932e-01
-2.859779338630284995e-01
6.416889778556853496e-01
1.059966920414097680e-01
-1.012307937018174508e-01
4.598937091944888533e-01
-2.554338692651541565e-01
-7.883085308892223697e-02
4.393808315975096801e-01
-1.260928904837288755e-01
1.415864784479900773e-01
-9.318478882189591694e-02
1.718328117736296901e-01
-8.162081786595862254e-02
1.294461013546158168e-02
-3.123527808906547687e-01
2.046909273288780584e-01
2.228950982373950340e-01
-2.105352841450093826e-01
3.266788602597461844e-02
1.653356680557533653e-01
-3.640069743953380788e-01
-1.794648534787265937e-01
-5.807367816336525546e-02
2.290240265600128888e-01
-1.715072194060865973e-01
-1.648652229430237412e-03
-2.562951160513531335e-01
6.695163126644585946e-03
4.307360018080323705e-02
5.635517686212216520e-02
2.201313252833394518e-01
-1.697832507837204463e-01
-2.747436186268446129e-02
5.999480320364366376e-02
1.555886700621405550e-01
4.502989602562437743e-01
-1.913010641939069112e-01
-3.819604604793978148e-02
-1.681668611875126729e-01
-3.242507983542778360e-01
-1.367447051352135325e-02
-1.774112101091528948e-01
-2.552289175351319939e-01
-1.102168084399600956e-01
3.540165373245910962e-01
-4.463910062088149444e-01
6.857823718671307578e-02
1.402683444437715088e-01
3.771567784853270267e-01
8.016189441978427421e-02
-5.041895741944682485e-02
-2.332600691502179635e-01
-1.373165506719089581e-02
3.751088493817206215e-02
-3.730441393610344214e-01
9.716217982875882675e-02
1.899194971020880529e-01
1.629032532037451297e-02
8.076025577457882076e-02
-1.612499569053274795e-01
3.333878069955754087e-01
2.823002435960452750e-01
9.258963372865481808e-03
1.725607805856823607e-01
1.949721835316801377e-01
2.784742502712228562e-01
1.472336054155171381e-01
-3.273244571859294516e-01
1.296963088860152991e-01
1.372665008141299436e-02
-8.172676801576515826e-02
-2.451939131131564975e-01
-1.316184339576214057e-01
-1.631451285062550105e-01
1.605296855296056147e-01
1.783817763216456187e-01
2.406832003110291329e-01
-1.405478352888281379e-01
-4.231570140886786735e-01
3.827043580188087546e-01
1.052698904626456385e-02
2.980800421137334566e-01
-3.557450499308800751e-01
-5.466095091417968455e-01
-1.180000377475481088e-01
4.243670447865655060e-02
-1.906142225433839904e-02
-4.410603293001019720e-01
3.368542575142385864e-02
1.143424029644446310e-01
1.665555694231740658e-02
-3.502232900470979016e-01
3.268998202325187202e-02
-3.217970449583779091e-01
6.299386057420987284e-02
-1.203686709520135900e-01
2.465407081521913957e-01
-1.974404062640751911e-01
7.750772905225528087e-02
-1.626205243427622515e-01
1.764842921253935992e-01
6.862966209298126952e-02
-2.037074534602983655e-01
-1.188686082601598248e-01
-2.002401985435311171e-01
-1.555200613861574266e-01
5.960186220068590668e-01
1.465830445823305128e-01
1.343894871377556144e-01
1.394504565661988382e-01
-1.470323460870941353e-02
7.252320569471500805e-03
8.868572020648961274e-02
1.443113663646081457e-01
-1.084355307658344536e-01
-3.518064201199261887e-01
5.290158829579388183e-02
-5.415301607623823621e-02
3.196355771990243011e-01
9.284702402307853930e-02
-1.877154862545009906e-01
6.984536083241045523e-02
5.165620330259648174e-01
-2.850629722388444698e-01
3.063273372475985301e-01
2.483002055100269612e-02
-2.511548902720017740e-02
-3.108176316134077244e-02
9.879476004060903926e-02
-4.246398848325833378e-03
-2.534993366384860058e-01
2.459617540429638316e-01
2.189512556738924531e-01
-7.287376039799586813e-02
-3.637332312450356625e-02
9.911019291236189410e-02
3.120978525250318603e-01
2.579721861254571230e-02
