
1 1 1.9747367434221030
2 1 1.6305147047661488
3 1 1.4652631400573792
4 1 1.3590362351578966
5 1 1.2821610892896578
6 1 1.2224690489216994
7 1 1.1752322291718058
8 1 1.1366835044387131
9 1 1.1058736086203289
10 1 1.0821522765547424
11 1 1.0640707788590853
12 1 1.0505051617282453
13 1 1.0433688240885022
14 1 1.0407539350754387
1 2 1.3281794396003641
2 2 0.9348439750968236
3 2 0.7843343738273875
4 2 0.7023962662173979
5 2 0.6492091899377238
6 2 0.6111246493618552
7 2 0.5826112373007558
8 2 0.5590860934926366
9 2 0.5412943718453516
10 2 0.5277438954891999
11 2 0.5173848185137733
12 2 0.5094306759614952
13 2 0.5053490343942054
14 2 0.5039839895529244
1 3 0.8945528444162461
2 3 0.5365119812851110
3 3 0.4213107646342408
4 3 0.3641240271718469
5 3 0.3301946034329021
6 3 0.3080915489922287
7 3 0.2913843203640538
8 3 0.2787216167491908
9 3 0.2675925822495669
10 3 0.2602569003109094
11 3 0.2535610566155947
12 3 0.2488679542510875
13 3 0.2476708907284332
14 3 0.2467662348259491
1 4 0.6023175293732307
2 4 0.3081387090022285
3 4 0.2276335006750172
4 4 0.1902650940955022
5 4 0.1699563118874958
6 4 0.1571773001891940
7 4 0.1480636824130727
8 4 0.1415540188161422
9 4 0.1354026817810504
10 4 0.1320546461270585
11 4 0.1280917286025562
12 4 0.1243059521818446
13 4 0.1238289720381257
14 4 0.1227799543855037
1 5 0.4051216303978450
2 5 0.1764524606308806
3 5 0.1224023409487758
4 5 0.0992083078777474
5 5 0.0871527549130449
6 5 0.0798665911505561
7 5 0.0740796564817777
8 5 0.0714323817630075
9 5 0.0678824331228971
10 5 0.0662489971026543
11 5 0.0630588759120618
12 5 0.0613967500756300
13 5 0.0618337424002253
14 5 0.0609293329440437
1 6 0.2723222424866718
2 6 0.1005233388082348
3 6 0.0664525587758067
4 6 0.0512759127554869
5 6 0.0451521562984841
6 6 0.0413039919636726
7 6 0.0377765960953696
8 6 0.0366803628630941
9 6 0.0338172670045359
10 6 0.0327816002739934
11 6 0.0318648596201049
12 6 0.0298812177272436
13 6 0.0311881125383291
14 6 0.0305117046411945
1 7 0.1829591513553492
2 7 0.0571781195275753
3 7 0.0366735124927420
4 7 0.0262880147188387
5 7 0.0233398863409988
6 7 0.0214983588889357
7 7 0.0195420912963960
8 7 0.0182036375047818
9 7 0.0168836806060439
10 7 0.0174208513532873
11 7 0.0170360222018294
12 7 0.0148318127699652
13 7 0.0163560761029130
14 7 0.0159676429475307
1 8 0.1231579540862147
2 8 0.0322568011169585
3 8 0.0203320544378236
4 8 0.0134017056847783
5 8 0.0117069171259527
6 8 0.0114734300776134
7 8 0.0108465771129146
8 8 0.0093536045171012
9 8 0.0081109228971074
10 8 0.0078918719934652
11 8 0.0081304832619696
12 8 0.0064047028353234
13 8 0.0087068314256717
14 8 0.0077595185349848
1 9 0.0830542362424617
2 9 0.0186627312412860
3 9 0.0111540923441231
4 9 0.0067968729261674
5 9 0.0054159522018047
6 9 0.0058381781228467
7 9 0.0062379720368993
8 9 0.0047495244552783
9 9 0.0045280254832592
10 9 0.0039630358935906
11 9 0.0048870177331024
12 9 0.0035011335142247
13 9 0.0048787134731790
14 9 0.0046503020159634
1 10 0.0555728107969122
2 10 0.0106252834643877
3 10 0.0063462352928896
4 10 0.0042750505139162
5 10 0.0022782712819731
6 10 0.0021662232484243
7 10 0.0036756756839553
8 10 0.0021501290917855
9 10 0.0025893144036823
10 10 0.0020444795159293
11 10 0.0023542538111905
12 10 0.0016949808627086
13 10 0.0020288046788068
14 10 0.0021557929239362
1 11 0.0371927256892408
2 11 0.0059407786316414
3 11 0.0034952530917227
4 11 0.0029584455646918
5 11 0.0006372616787636
6 11 0.0007999455520355
7 11 0.0016576101687842
8 11 0.0012165147224355
9 11 0.0014967387952182
10 11 0.0013239405599492
11 11 0.0012638201895909
12 11 0.0003551920462890
13 11 0.0006560716739766
14 11 -0.0000527030747128
1 12 0.0247056552596392
2 12 0.0028165215844690
3 12 0.0027231760508488
4 12 0.0011198089469837
5 12 0.0010284381774799
6 12 -0.0001489862426368
7 12 0.0001082394459891
8 12 0.0018922682472221
9 12 0.0011710078403036
10 12 0.0006335138251979
11 12 0.0010345061908458
12 12 -0.0006457535523173
13 12 0.0003780382932352
14 12 0.0010050853852476
1 13 0.0164722119325474
2 13 0.0016604192309858
3 13 0.0013357274712539
4 13 0.0005906634892370
5 13 0.0012927400670557
6 13 0.0000338160778803
7 13 -0.0001183630285303
8 13 0.0014294210282615
9 13 0.0013724467104891
10 13 0.0001941953589058
11 13 0.0004616624832854
12 13 -0.0006842039004010
13 13 0.0007228048787495
14 13 0.0015640242135309
1 14 0.0106504120818261
2 14 0.0012596030937372
3 14 0.0005159086303083
4 14 0.0003315485478702
5 14 0.0007822457628163
6 14 0.0003612493878067
7 14 0.0009889458416873
8 14 0.0004669380002330
9 14 -0.0005220251475155
10 14 0.0002245578285137
11 14 0.0004529677448786
12 14 -0.0001749664381595
13 14 0.0000902011895447
14 14 0.0013303986661770
1 1 1.9599582988311521
2 1 1.5919540138035322
3 1 1.4016765215231186
4 1 1.2721098879004824
5 1 1.1717851986940568
6 1 1.0922756260777646
7 1 1.0284262929673769
8 1 0.9754843063621225
9 1 0.9333480942786463
10 1 0.9002902402425069
11 1 0.8749705452008196
12 1 0.8575770143921774
13 1 0.8469408531149092
14 1 0.8441946423734118
1 2 1.3142780486191599
2 2 0.9035960172588159
3 2 0.7359751735197178
4 2 0.6388618159360058
5 2 0.5724042450567574
6 2 0.5234049600720482
7 2 0.4857239892858639
8 2 0.4555091363959471
9 2 0.4327727279258766
10 2 0.4155282171820455
11 2 0.4018210003685641
12 2 0.3936736957780648
13 2 0.3874056139763610
14 2 0.3868362891452184
1 3 0.8826476739042997
2 3 0.5143429024401295
3 3 0.3884638331565339
4 3 0.3228668124471268
5 3 0.2817652777606540
6 3 0.2532807328574481
7 3 0.2326940639408801
8 3 0.2166356492392391
9 3 0.2048158593090681
10 3 0.1961180685630469
11 3 0.1887284429073961
12 3 0.1841473073518667
13 3 0.1816289585141662
14 3 0.1806406394814426
1 4 0.5934609414667927
2 4 0.2930134965251223
3 4 0.2051233404907232
4 4 0.1636809599502880
5 4 0.1393225537765813
6 4 0.1234507002217190
7 4 0.1118719877612965
8 4 0.1023214185419822
9 4 0.0969293920754294
10 4 0.0915007852372607
11 4 0.0887109020507617
12 4 0.0860068934922545
13 4 0.0840914182561876
14 4 0.0842365982334229
1 5 0.3989314636877070
2 5 0.1672373758516004
3 5 0.1091344382242236
4 5 0.0832232145353198
5 5 0.0691293002669335
6 5 0.0605499437060508
7 5 0.0547350555262827
8 5 0.0487472957778168
9 5 0.0464222477361161
10 5 0.0438129684835686
11 5 0.0415250626023587
12 5 0.0404490879556672
13 5 0.0395835088587088
14 5 0.0395148252190922
1 6 0.2684333668690553
2 6 0.0951537167104881
3 6 0.0573716096743631
4 6 0.0416284374039501
5 6 0.0342684745263390
6 6 0.0298386239658600
7 6 0.0273198626845074
8 6 0.0232792337208059
9 6 0.0226783446281761
10 6 0.0212843232823425
11 6 0.0201294983881517
12 6 0.0202624050397853
13 6 0.0190822174166922
14 6 0.0193565015974225
1 7 0.1804156602455547
2 7 0.0537685614666956
3 7 0.0309283986615728
4 7 0.0200050005954952
5 7 0.0166226939067689
6 7 0.0143300833659991
7 7 0.0136546466158838
8 7 0.0120428044771126
9 7 0.0109256970863387
10 7 0.0096984387251745
11 7 0.0100521170937997
12 7 0.0089790027205686
13 7 0.0091349763104635
14 7 0.0095067325040869
1 8 0.1213077710218068
2 8 0.0303625343815451
3 8 0.0161965937873143
4 8 0.0096849372420663
5 8 0.0072764704117094
6 8 0.0069458413911034
7 8 0.0063159787203167
8 8 0.0060269123820329
9 8 0.0052413899655643
10 8 0.0049876220134631
11 8 0.0047473075447418
12 8 0.0045275938591091
13 8 0.0037101398940129
14 8 0.0044852518672837
1 9 0.0810604016401174
2 9 0.0174281981682654
3 9 0.0082225337736254
4 9 0.0046513182196525
5 9 0.0031375406602021
6 9 0.0037003107198641
7 9 0.0033981161644692
8 9 0.0033464943739065
9 9 0.0021164491897398
10 9 0.0020331107672548
11 9 0.0034055333832825
12 9 0.0013202714493425
13 9 0.0016953740707848
14 9 0.0017337967675885
1 10 0.0541877043600089
2 10 0.0104973386078979
3 10 0.0045783164921651
4 10 0.0025788388093248
5 10 0.0018813556065817
6 10 0.0017997540040049
7 10 0.0019457605835482
8 10 0.0014311905137320
9 10 0.0012044962398194
10 10 0.0017547793971928
11 10 0.0013877806401797
12 10 0.0008836976419596
13 10 0.0012116740239593
14 10 0.0014020971528727
1 11 0.0364257777958762
2 11 0.0057620883212289
3 11 0.0023192651870076
4 11 0.0018495662446303
5 11 0.0013704279872153
6 11 0.0013154475309218
7 11 0.0012204168756131
8 11 -0.0003443970153793
9 11 0.0001302041813189
10 11 0.0010655923846899
11 11 0.0009404593814089
12 11 -0.0004042543908242
13 11 0.0001283834369549
14 11 0.0013522449166890
1 12 0.0246117250386869
2 12 0.0034781839264432
3 12 0.0013477388446541
4 12 0.0011345695454357
5 12 0.0012632989095610
6 12 0.0013488360937156
7 12 0.0004675704597709
8 12 -0.0004706659478916
9 12 -0.0000570852985744
10 12 0.0007900983900334
11 12 0.0002178327204475
12 12 -0.0000597488281667
13 12 0.0003075125461495
14 12 0.0021120455709542
1 13 0.0164107104326409
2 13 0.0026103390149666
3 13 0.0008713431196713
4 13 0.0006159939247647
5 13 0.0014161887603476
6 13 0.0018056432829859
7 13 0.0000238142347754
8 13 0.0000151848436314
9 13 0.0000552400598393
10 13 0.0009289173741746
11 13 -0.0004491516023771
12 13 -0.0006410678839285
13 13 0.0004118871757506
14 13 0.0010457031023335
1 14 0.0112186804926256
2 14 0.0024127427299889
3 14 0.0005415249379824
4 14 0.0005459640678042
5 14 0.0006239440775394
6 14 0.0011396309063416
7 14 0.0007805094900133
8 14 0.0009342084116579
9 14 -0.0002009367295190
10 14 0.0002437564950664
11 14 -0.0003700205245479
12 14 -0.0003066855121039
13 14 0.0013244483641300
14 14 0.0002590536840750
1 1 1.9529192951298078
2 1 1.5697139485867251
3 1 1.3605966310288109
4 1 1.2120300631543108
5 1 1.0948072904628245
6 1 0.9994478305429930
7 1 0.9210724125524600
8 1 0.8567662053254725
9 1 0.8045619038723129
10 1 0.7637647736847546
11 1 0.7320442005129405
12 1 0.7104414902866205
13 1 0.6975190976668479
14 1 0.6936379010387945
1 2 1.3090262769470919
2 2 0.8880875181290756
3 2 0.7078859422787541
4 2 0.6003671325625245
5 2 0.5245461940483266
6 2 0.4667459145559487
7 2 0.4232273663564446
8 2 0.3900411878876790
9 2 0.3629894825304207
10 2 0.3424795980627509
11 2 0.3264475634721010
12 2 0.3162967405526222
13 2 0.3095955433672882
14 2 0.3073393502374377
1 3 0.8787615721972465
2 3 0.5049535208611893
3 3 0.3712376662258474
4 3 0.3009392983922362
5 3 0.2552441244378891
6 3 0.2220129341459856
7 3 0.1987544484341707
8 3 0.1808497451471691
9 3 0.1669612342012534
10 3 0.1563749819937544
11 3 0.1489188490278134
12 3 0.1437612457357805
13 3 0.1407945964249921
14 3 0.1404325526712929
1 4 0.5902827403070753
2 4 0.2867417221350841
3 4 0.1951335957520287
4 4 0.1505826872714134
5 4 0.1245993579878266
6 4 0.1059492104069068
7 4 0.0936392500620835
8 4 0.0837068193937444
9 4 0.0769136113999766
10 4 0.0723438174962359
11 4 0.0684167836488302
12 4 0.0655216210252691
13 4 0.0641409036016633
14 4 0.0636408243896990
1 5 0.3961937672369292
2 5 0.1623572275341067
3 5 0.1023045503703723
4 5 0.0751915076150834
5 5 0.0596789960064160
6 5 0.0501337588040013
7 5 0.0442419034162381
8 5 0.0388790715259605
9 5 0.0357447717961566
10 5 0.0326252161514248
11 5 0.0309439134631372
12 5 0.0284071669836618
13 5 0.0289240147029759
14 5 0.0302698496936825
1 6 0.2659677213062564
2 6 0.0923015559265894
3 6 0.0535871562382641
4 6 0.0370507321534051
5 6 0.0293768321594640
6 6 0.0238456203987364
7 6 0.0203529161078340
8 6 0.0185436275146478
9 6 0.0171097283932220
10 6 0.0159284093341013
11 6 0.0143670383105369
12 6 0.0133816098039477
13 6 0.0145189207242729
14 6 0.0146948091462280
1 7 0.1790495545929663
2 7 0.0526712488086876
3 7 0.0282168252669004
4 7 0.0184601498515840
5 7 0.0140775070943368
6 7 0.0118056354340098
7 7 0.0098023016675526
8 7 0.0089092886986222
9 7 0.0076891984116986
10 7 0.0078760887137424
11 7 0.0066180794463692
12 7 0.0066918606942725
13 7 0.0064378256526331
14 7 0.0058667539931394
1 8 0.1199389543546870
2 8 0.0292232131094366
3 8 0.0144532011190003
4 8 0.0092925500054144
5 8 0.0067909103616007
6 8 0.0055605161570228
7 8 0.0051907803222252
8 8 0.0034479966847868
9 8 0.0035120994663074
10 8 0.0031731083639227
11 8 0.0030830468400767
12 8 0.0031890209886515
13 8 0.0027034136521186
14 8 0.0040892797779779
1 9 0.0811012502664521
2 9 0.0169253939768012
3 9 0.0077212380948519
4 9 0.0043435466957856
5 9 0.0036821341635621
6 9 0.0034101221421236
7 9 0.0029082806884547
8 9 0.0012846350349294
9 9 0.0011016687495691
10 9 0.0019950616470746
11 9 0.0019088047670993
12 9 0.0018523577866451
13 9 0.0019751385151749
14 9 0.0032577893382486
1 10 0.0543041814307553
2 10 0.0097901880843803
3 10 0.0042362069939487
4 10 0.0024392681986227
5 10 0.0023758920461434
6 10 0.0012747814367797
7 10 0.0015115393393526
8 10 0.0001099288121928
9 10 0.0008054081209678
10 10 0.0008462403136862
11 10 0.0008449861679356
12 10 0.0004748908631508
13 10 0.0009874512392731
14 10 0.0006433756328071
1 11 0.0364378078775442
2 11 0.0058227566297662
3 11 0.0027355191419206
4 11 0.0020965038211307
5 11 0.0015561916452057
6 11 -0.0004972935791598
7 11 0.0000605900857705
8 11 0.0001957255359967
9 11 -0.0002929758360359
10 11 -0.0001660766196911
11 11 0.0008183267510400
12 11 0.0008980542531858
13 11 0.0003699986996663
14 11 -0.0011934249770463
1 12 0.0246558204000166
2 12 0.0034884518757080
3 12 0.0017499392416907
4 12 0.0001947509960552
5 12 0.0009440794052611
6 12 0.0005075528075856
7 12 -0.0001490790240373
8 12 0.0000508475353351
9 12 -0.0000190620700090
10 12 -0.0005903996822288
11 12 0.0000206067800555
12 12 0.0012352845356159
13 12 0.0005259777003423
14 12 -0.0005981731403171
1 13 0.0167089723863354
2 13 0.0024196303639620
3 13 0.0012321494296108
4 13 0.0001040715250061
5 13 0.0004383434021969
6 13 0.0002878228277961
7 13 -0.0004766689923839
8 13 0.0007032236629910
9 13 0.0000204059056796
10 13 -0.0002019030514650
11 13 -0.0002694633177941
12 13 0.0010133232886960
13 13 0.0001623881192516
14 13 -0.0002962534813037
1 14 0.0114871547043544
2 14 0.0016890010771585
3 14 0.0001999522178297
4 14 -0.0002019187044178
5 14 0.0003543235300475
6 14 0.0002756778392336
7 14 -0.0007308051480088
8 14 0.0009185791314638
9 14 -0.0010381107308213
10 14 -0.0002674278617484
11 14 -0.0001515215134993
12 14 0.0002563892143377
13 14 -0.0001108125496363
14 14 -0.0005266775754781
1 1 1.9494786497470380
2 1 1.5622094455392979
3 1 1.3491432712327431
4 1 1.1984582671919446
5 1 1.0799273541386536
6 1 0.9836759531672472
7 1 0.9055574774818076
8 1 0.8421869350889403
9 1 0.7914697618630492
10 1 0.7512763147938445
11 1 0.7207069125702583
12 1 0.6998320719627161
13 1 0.6877951904785023
14 1 0.6835316164556694
1 2 1.3055927204082705
2 2 0.8809265256176135
3 2 0.6999741828212644
4 2 0.5906002390433114
5 2 0.5136223496432305
6 2 0.4550611453447280
7 2 0.4091379210253726
8 2 0.3753345201625783
9 2 0.3476521862810064
10 2 0.3265912458391680
11 2 0.3112396100814441
12 2 0.3000641344911875
13 2 0.2939095500321023
14 2 0.2917713274649016
1 3 0.8760860746415445
2 3 0.4985495735391262
3 3 0.3653950437473304
4 3 0.2931130638344899
5 3 0.2463458620468878
6 3 0.2128619218790742
7 3 0.1873984889945574
8 3 0.1698174723640532
9 3 0.1558821034507642
10 3 0.1457261139858446
11 3 0.1385902916057972
12 3 0.1335819781742974
13 3 0.1292129347023797
14 3 0.1287380299299165
1 4 0.5889640993301059
2 4 0.2824105953036311
3 4 0.1917641143815425
4 4 0.1468333628657362
5 4 0.1202524136567281
6 4 0.1013176290408041
7 4 0.0878114401968850
8 4 0.0789927324913863
9 4 0.0711508675110786
10 4 0.0674380602002007
11 4 0.0631853823584653
12 4 0.0612876473838686
13 4 0.0588071911159113
14 4 0.0600172933040898
1 5 0.3959459571762740
2 5 0.1599565188293178
3 5 0.1010455316006405
4 5 0.0733571998745023
5 5 0.0585441526529610
6 5 0.0483037002191299
7 5 0.0414046623084701
8 5 0.0366251256263038
9 5 0.0332061619754168
10 5 0.0311225823113681
11 5 0.0290879887646417
12 5 0.0277824309619476
13 5 0.0268885501253657
14 5 0.0264954750837205
1 6 0.2658177495188113
2 6 0.0910464234301851
3 6 0.0529604900187637
4 6 0.0363244118374967
5 6 0.0280698730232596
6 6 0.0223165608297677
7 6 0.0188489088622681
8 6 0.0160683316267106
9 6 0.0147541881921400
10 6 0.0138501004828787
11 6 0.0132875962163746
12 6 0.0124846322023541
13 6 0.0129107827975254
14 6 0.0117905854763112
1 7 0.1781349796681211
2 7 0.0515165433829003
3 7 0.0281138586378168
4 7 0.0185491798087826
5 7 0.0132060427708968
6 7 0.0110417282884391
7 7 0.0090759033340257
8 7 0.0077975836843901
9 7 0.0076444240648193
10 7 0.0062469109526345
11 7 0.0056874323055231
12 7 0.0054369552139245
13 7 0.0047109677355794
14 7 0.0053128153861789
1 8 0.1190917261578203
2 8 0.0294847394949696
3 8 0.0145258287425884
4 8 0.0093487950823372
5 8 0.0066301643037025
6 8 0.0055350756285174
7 8 0.0038285502335943
8 8 0.0032226112978816
9 8 0.0038196084953495
10 8 0.0023706904602170
11 8 0.0026484620905891
12 8 0.0021796115854134
13 8 0.0027834230037545
14 8 0.0012439575676869
1 9 0.0795703675235046
2 9 0.0167785884286557
3 9 0.0078255358958377
4 9 0.0052481640823260
5 9 0.0034693498949242
6 9 0.0032599356341216
7 9 0.0021923215565366
8 9 0.0019861011775034
9 9 0.0022408628835339
10 9 0.0013679972568538
11 9 0.0012200610449109
12 9 0.0007164427433934
13 9 0.0011044455089716
14 9 0.0006764880668247
1 10 0.0534554196573615
2 10 0.0098652274345426
3 10 0.0039151605795834
4 10 0.0026618555888144
5 10 0.0019799813392805
6 10 0.0019221651789483
7 10 0.0016206489849333
8 10 0.0012019178794918
9 10 0.0005848146543035
10 10 0.0015711532331305
11 10 0.0006418891563987
12 10 -0.0000314113361193
13 10 0.0001540349071404
14 10 -0.0000677468668805
1 11 0.0361083183040953
2 11 0.0060994664544701
3 11 0.0020872029634186
4 11 0.0011708439615294
5 11 0.0013185226137551
6 11 0.0009885320921365
7 11 0.0010276593381404
8 11 0.0008767581688249
9 11 0.0015646343854945
10 11 0.0008462373054527
11 11 0.0009609320254845
12 11 -0.0001300423308833
13 11 -0.0000471298705655
14 11 0.0002070583985929
1 12 0.0242953332283571
2 12 0.0041589631932467
3 12 0.0007414751278129
4 12 0.0012080328765611
5 12 0.0006236102574148
6 12 0.0001640014183781
7 12 0.0005745021048717
8 12 0.0001570461843588
9 12 0.0007800554289257
10 12 0.0004075997324692
11 12 0.0005176698697142
12 12 0.0000192376128591
13 12 0.0006202840546740
14 12 0.0003575175372182
1 13 0.0160872380789444
2 13 0.0031907874647298
3 13 -0.0002258704064453
4 13 0.0008503212362466
5 13 0.0000158697354870
6 13 0.0002725830630658
7 13 0.0003832215936290
8 13 -0.0001652585185532
9 13 0.0011276592350455
10 13 0.0002228004009996
11 13 0.0011066757565346
12 13 0.0001313787094908
13 13 0.0008368489187817
14 13 -0.0013069783470294
1 14 0.0114734992482712
2 14 0.0023937336739857
3 14 -0.0003892082345553
4 14 0.0007404074568566
5 14 -0.0005105937516034
6 14 0.0002772504675246
7 14 0.0002297663982195
8 14 -0.0004058624001093
9 14 0.0003120902422852
10 14 0.0002820877265366
11 14 0.0009943879865719
12 14 0.0001566040132042
13 14 -0.0003353047505040
14 14 -0.0013858506190793
1 1 1.9435590761503121
2 1 1.5424468064251819
3 1 1.3119886522551591
4 1 1.1422936986440255
5 1 1.0052574835758690
6 1 0.8933641777417102
7 1 0.8013259048700067
8 1 0.7255102753609592
9 1 0.6651979906558440
10 1 0.6174083249341555
11 1 0.5813606954841143
12 1 0.5561110394201952
13 1 0.5410034212767285
14 1 0.5365196255618266
1 2 1.3032158731445480
2 2 0.8729239177960848
3 2 0.6832146423803224
4 2 0.5646941826629205
5 2 0.4788518362446572
6 2 0.4142641349638262
7 2 0.3637300302123918
8 2 0.3231422301292107
9 2 0.2929276316421849
10 2 0.2690094530220745
11 2 0.2514055481140655
12 2 0.2394490297867737
13 2 0.2326598020698259
14 2 0.2297808543510586
1 3 0.8746761960977897
2 3 0.4947115511018483
3 3 0.3568119093441552
4 3 0.2801864076304716
5 3 0.2280423917146438
6 3 0.1914678027066836
7 3 0.1642113769812583
8 3 0.1425127211678702
9 3 0.1268636941151386
10 3 0.1159133919358908
11 3 0.1069995364490346
12 3 0.1010742884375740
13 3 0.0973863393384791
14 3 0.0963290857702147
1 4 0.5869207600513370
2 4 0.2810696616521171
3 4 0.1865457674667315
4 4 0.1393243417027454
5 4 0.1097194701296698
6 4 0.0914969127226101
7 4 0.0774773119255238
8 4 0.0669858289031136
9 4 0.0591960241379196
10 4 0.0531418950760148
11 4 0.0491005650073300
12 4 0.0466508287659617
13 4 0.0447136984821413
14 4 0.0428696817117528
1 5 0.3941423968972481
2 5 0.1593940850363680
3 5 0.0977784939594910
4 5 0.0696189277466860
5 5 0.0530773881955911
6 5 0.0439337866493577
7 5 0.0361655980634007
8 5 0.0314923609417883
9 5 0.0269463995414181
10 5 0.0239588895455334
11 5 0.0226595770215647
12 5 0.0211288829005155
13 5 0.0203303928973458
14 5 0.0188055713350549
1 6 0.2646658287156784
2 6 0.0899235286516511
3 6 0.0509492312331422
4 6 0.0352673822066297
5 6 0.0258004078961425
6 6 0.0206644172756731
7 6 0.0170579319807094
8 6 0.0144261774794133
9 6 0.0125548075369453
10 6 0.0110125760710706
11 6 0.0105168693056121
12 6 0.0092886878444943
13 6 0.0095309241468380
14 6 0.0097731572746675
1 7 0.1777099454048049
2 7 0.0503220088820020
3 7 0.0266020529237059
4 7 0.0171961835031261
5 7 0.0119166931317572
6 7 0.0092091437110267
7 7 0.0076310133357128
8 7 0.0069725356862948
9 7 0.0058651529863537
10 7 0.0060365784615089
11 7 0.0046516574270811
12 7 0.0048545278542072
13 7 0.0038501761590450
14 7 0.0043654338043672
1 8 0.1188293435308159
2 8 0.0287790196335501
3 8 0.0138710008729065
4 8 0.0089817574000759
5 8 0.0058959280939937
6 8 0.0051989370029288
7 8 0.0039496978758520
8 8 0.0030709169578444
9 8 0.0026570461925269
10 8 0.0017145013116701
11 8 0.0028961457409093
12 8 0.0016009904225723
13 8 0.0028944502316908
14 8 0.0028912942114615
1 9 0.0796109760757618
2 9 0.0162651615766559
3 9 0.0066201522209622
4 9 0.0046105555480126
5 9 0.0029901110313413
6 9 0.0030325482974796
7 9 0.0015632275410347
8 9 0.0011138005483130
9 9 0.0011015588023958
10 9 0.0006524845544097
11 9 0.0014764521786750
12 9 0.0013731814069823
13 9 0.0012892641838401
14 9 0.0012882426608519
1 10 0.0532712499729975
2 10 0.0093696370224884
3 10 0.0026834728760066
4 10 0.0021347432316548
5 10 0.0012790312354239
6 10 0.0020045011076526
7 10 0.0009621169860247
8 10 0.0007664005395673
9 10 0.0005444326943632
10 10 0.0003655807358449
11 10 0.0006383522795412
12 10 0.0007254300591883
13 10 0.0014536205317674
14 10 0.0013003290860573
1 11 0.0355890531025007
2 11 0.0056707367629203
3 11 0.0012854236796838
4 11 0.0003425109574077
5 11 0.0012460868609152
6 11 0.0011569011555630
7 11 -0.0001580170041262
8 11 0.0005102329459431
9 11 0.0003385897430209
10 11 0.0011941350597837
11 11 -0.0003760071365908
12 11 0.0014091855662289
13 11 0.0003887062564790
14 11 0.0001598822267276
1 12 0.0241973811363119
2 12 0.0032082444294510
3 12 0.0015997828430363
4 12 0.0002525636202720
5 12 0.0008070420366585
6 12 0.0006969963780777
7 12 -0.0000430959705191
8 12 0.0004500153217707
9 12 -0.0003935069837395
10 12 0.0005577685895919
11 12 -0.0007156386980310
12 12 0.0004839660618271
13 12 0.0001527552183864
14 12 -0.0005760270616173
1 13 0.0162363925107307
2 13 0.0024187081200517
3 13 0.0015200322597587
4 13 -0.0000256734896147
5 13 -0.0001856200904967
6 13 0.0000860876113953
7 13 0.0012391811226414
8 13 -0.0006221521135753
9 13 -0.0007900815450873
10 13 0.0003714315954912
11 13 0.0003383442461029
12 13 0.0005230075621605
13 13 -0.0010814443323149
14 13 0.0007461908940966
1 14 0.0104036256247577
2 14 0.0014886043253103
3 14 0.0013308209287183
4 14 -0.0003322770345575
5 14 -0.0010595404839314
6 14 -0.0002001227854982
7 14 0.0006251358983106
8 14 -0.0004311036138308
9 14 -0.0007188632463559
10 14 0.0001787925076432
11 14 -0.0001999694837547
12 14 0.0002179067925307
13 14 -0.0007415948751627
14 14 0.0000992753647263
1 1 1.9412220063670071
2 1 1.5357084647731192
3 1 1.3008462315542406
4 1 1.1272994481632965
5 1 0.9872933668422407
6 1 0.8734046985734617
7 1 0.7799655754690071
8 1 0.7034225186823559
9 1 0.6432603922696488
10 1 0.5960918939925687
11 1 0.5604909010362028
12 1 0.5360584721501956
13 1 0.5219470768480288
14 1 0.5167422688230892
1 2 1.3007425049865509
2 2 0.8667453852190286
3 2 0.6738579214781193
4 2 0.5538523498773574
5 2 0.4657229646084011
6 2 0.3999107097975448
7 2 0.3487499031494208
8 2 0.3086001625257297
9 2 0.2782527016608429
10 2 0.2553735994371115
11 2 0.2389257860747832
12 2 0.2276285979436006
13 2 0.2207063507036503
14 2 0.2183614396600287
1 3 0.8727367561564485
2 3 0.4895819938580327
3 3 0.3492871317035533
4 3 0.2715698812960481
5 3 0.2205975361329212
6 3 0.1837255597240313
7 3 0.1572525506837262
8 3 0.1356952517488245
9 3 0.1208884758880630
10 3 0.1100590701519012
11 3 0.1032265043990105
12 3 0.0972930422675948
13 3 0.0934599830750154
14 3 0.0913721807915292
1 4 0.5858721569509207
2 4 0.2774628025454768
3 4 0.1817569858767673
4 4 0.1339209808787793
5 4 0.1046054581091723
6 4 0.0844995613301564
7 4 0.0718017304726370
8 4 0.0607073180691224
9 4 0.0538895404322083
10 4 0.0482242037346512
11 4 0.0443613452590539
12 4 0.0418818647215521
13 4 0.0409619435102817
14 4 0.0400086470297992
1 5 0.3934253262212477
2 5 0.1572571366093848
3 5 0.0944158323296207
4 5 0.0656787794115635
5 5 0.0501349218594389
6 5 0.0401507436463094
7 5 0.0332658488389731
8 5 0.0272422366023443
9 5 0.0245190277657971
10 5 0.0217734540630757
11 5 0.0198076970247787
12 5 0.0183919660812761
13 5 0.0174350321311207
14 5 0.0164412014624390
1 6 0.2641769161213306
2 6 0.0882295626132177
3 6 0.0486670915681743
4 6 0.0324189543536666
5 6 0.0228725610833913
6 6 0.0172095174816339
7 6 0.0154428191398443
8 6 0.0121600502598106
9 6 0.0110674535021215
10 6 0.0088014851377122
11 6 0.0067973101738781
12 6 0.0072249724278477
13 6 0.0068393700978435
14 6 0.0066453176236725
1 7 0.1774333514114574
2 7 0.0500710663472023
3 7 0.0254574698768420
4 7 0.0166240420999016
5 7 0.0103724354696392
6 7 0.0083384801529160
7 7 0.0073361924433748
8 7 0.0051595052067609
9 7 0.0055939880909413
10 7 0.0040268781036130
11 7 0.0042366487380275
12 7 0.0039520232618653
13 7 0.0032535197174269
14 7 0.0030933560692978
1 8 0.1193056693074731
2 8 0.0282028828195068
3 8 0.0130916415217745
4 8 0.0090764656596206
5 8 0.0045112346981230
6 8 0.0031984259597793
7 8 0.0032543866446325
8 8 0.0021124688840432
9 8 0.0021428219278424
10 8 0.0010211004107038
11 8 0.0014426822240448
12 8 0.0021731135201544
13 8 -0.0000399242556598
14 8 0.0009230872603226
1 9 0.0802264323101997
2 9 0.0161606974196824
3 9 0.0071263205912400
4 9 0.0038590201057227
5 9 0.0018086789983230
6 9 0.0020251412795267
7 9 0.0014584033290953
8 9 0.0005843978024840
9 9 0.0016740473140099
10 9 0.0003891297911087
11 9 0.0008866168171212
12 9 0.0009587282435475
13 9 -0.0001406621181001
14 9 -0.0000420513638705
1 10 0.0541675612485498
2 10 0.0097720170066383
3 10 0.0036899784569782
4 10 0.0025723338834091
5 10 0.0011961566332877
6 10 0.0018574533717698
7 10 0.0000017519216843
8 10 -0.0004627619923173
9 10 0.0003915673650166
10 10 0.0000095598701907
11 10 0.0012639122315556
12 10 -0.0003398466167376
13 10 0.0006450403204915
14 10 0.0002630326561912
1 11 0.0361113479374716
2 11 0.0046461965386263
3 11 0.0023325614280242
4 11 0.0011823438380112
5 11 0.0012758447690885
6 11 0.0015337935386058
7 11 -0.0003046414179801
8 11 -0.0001571845566869
9 11 -0.0000552479661303
10 11 0.0000180059259618
11 11 0.0012551385043780
12 11 0.0002244955736498
13 11 -0.0004592395712462
14 11 -0.0008041583139716
1 12 0.0241559090944544
2 12 0.0023093602552773
3 12 0.0013011460213523
4 12 0.0007959144496421
5 12 0.0001403957310798
6 12 0.0000574101822286
7 12 0.0007310767556050
8 12 0.0001155826901482
9 12 0.0000743111130663
10 12 -0.0006884349377957
11 12 0.0004389328254026
12 12 0.0000197394733517
13 12 -0.0005382454221412
14 12 -0.0008018220364130
1 13 0.0161838008914604
2 13 0.0017880539372740
3 13 0.0017945148686027
4 13 0.0005135227650152
5 13 -0.0000268467205929
6 13 0.0004321106179997
7 13 -0.0000887943606577
8 13 0.0005014815602144
9 13 0.0000676668627242
10 13 0.0005130754383478
11 13 0.0003836858258152
12 13 0.0007723486273225
13 13 -0.0000600493399140
14 13 0.0005773511691556
1 14 0.0109748133724114
2 14 0.0013191724091069
3 14 0.0018401414681908
4 14 0.0003744114420752
5 14 0.0000355124610895
6 14 0.0001842409977089
7 14 0.0004357326593713
8 14 0.0006702131049299
9 14 -0.0000635869165797
10 14 0.0000013100708157
11 14 0.0004949955482769
12 14 -0.0006081918607200
13 14 0.0000606011967364
14 14 -0.0002392380872857
