3.0000000000000000 1.9747367434221030 1.6305147047661488 1.4652631400573792 1.3590362351578966 1.2821610892896578 1.2224690489216994 1.1752322291718058 1.1366835044387131 1.1058736086203289 1.0821522765547424 1.0640707788590853 1.0505051617282453 1.0433688240885022 1.0407539350754387 
3.0000000000000000 1.3281794396003641 0.9348439750968236 0.7843343738273875 0.7023962662173979 0.6492091899377238 0.6111246493618552 0.5826112373007558 0.5590860934926366 0.5412943718453516 0.5277438954891999 0.5173848185137733 0.5094306759614952 0.5053490343942054 0.5039839895529244 
3.0000000000000000 0.8945528444162461 0.5365119812851110 0.4213107646342408 0.3641240271718469 0.3301946034329021 0.3080915489922287 0.2913843203640538 0.2787216167491908 0.2675925822495669 0.2602569003109094 0.2535610566155947 0.2488679542510875 0.2476708907284332 0.2467662348259491 
3.0000000000000000 0.6023175293732307 0.3081387090022285 0.2276335006750172 0.1902650940955022 0.1699563118874958 0.1571773001891940 0.1480636824130727 0.1415540188161422 0.1354026817810504 0.1320546461270585 0.1280917286025562 0.1243059521818446 0.1238289720381257 0.1227799543855037 
3.0000000000000000 0.4051216303978450 0.1764524606308806 0.1224023409487758 0.0992083078777474 0.0871527549130449 0.0798665911505561 0.0740796564817777 0.0714323817630075 0.0678824331228971 0.0662489971026543 0.0630588759120618 0.0613967500756300 0.0618337424002253 0.0609293329440437 
3.0000000000000000 0.2723222424866718 0.1005233388082348 0.0664525587758067 0.0512759127554869 0.0451521562984841 0.0413039919636726 0.0377765960953696 0.0366803628630941 0.0338172670045359 0.0327816002739934 0.0318648596201049 0.0298812177272436 0.0311881125383291 0.0305117046411945 
3.0000000000000000 0.1829591513553492 0.0571781195275753 0.0366735124927420 0.0262880147188387 0.0233398863409988 0.0214983588889357 0.0195420912963960 0.0182036375047818 0.0168836806060439 0.0174208513532873 0.0170360222018294 0.0148318127699652 0.0163560761029130 0.0159676429475307 
3.0000000000000000 0.1231579540862147 0.0322568011169585 0.0203320544378236 0.0134017056847783 0.0117069171259527 0.0114734300776134 0.0108465771129146 0.0093536045171012 0.0081109228971074 0.0078918719934652 0.0081304832619696 0.0064047028353234 0.0087068314256717 0.0077595185349848 
3.0000000000000000 0.0830542362424617 0.0186627312412860 0.0111540923441231 0.0067968729261674 0.0054159522018047 0.0058381781228467 0.0062379720368993 0.0047495244552783 0.0045280254832592 0.0039630358935906 0.0048870177331024 0.0035011335142247 0.0048787134731790 0.0046503020159634 
3.0000000000000000 0.0555728107969122 0.0106252834643877 0.0063462352928896 0.0042750505139162 0.0022782712819731 0.0021662232484243 0.0036756756839553 0.0021501290917855 0.0025893144036823 0.0020444795159293 0.0023542538111905 0.0016949808627086 0.0020288046788068 0.0021557929239362 
3.0000000000000000 0.0371927256892408 0.0059407786316414 0.0034952530917227 0.0029584455646918 0.0006372616787636 0.0007999455520355 0.0016576101687842 0.0012165147224355 0.0014967387952182 0.0013239405599492 0.0012638201895909 0.0003551920462890 0.0006560716739766 -0.0000527030747128 
3.0000000000000000 0.0247056552596392 0.0028165215844690 0.0027231760508488 0.0011198089469837 0.0010284381774799 -0.0001489862426368 0.0001082394459891 0.0018922682472221 0.0011710078403036 0.0006335138251979 0.0010345061908458 -0.0006457535523173 0.0003780382932352 0.0010050853852476 
3.0000000000000000 0.0164722119325474 0.0016604192309858 0.0013357274712539 0.0005906634892370 0.0012927400670557 0.0000338160778803 -0.0001183630285303 0.0014294210282615 0.0013724467104891 0.0001941953589058 0.0004616624832854 -0.0006842039004010 0.0007228048787495 0.0015640242135309 
3.0000000000000000 0.0106504120818261 0.0012596030937372 0.0005159086303083 0.0003315485478702 0.0007822457628163 0.0003612493878067 0.0009889458416873 0.0004669380002330 -0.0005220251475155 0.0002245578285137 0.0004529677448786 -0.0001749664381595 0.0000902011895447 0.0013303986661770 
3.0000000000000000 1.9599582988311521 1.5919540138035322 1.4016765215231186 1.2721098879004824 1.1717851986940568 1.0922756260777646 1.0284262929673769 0.9754843063621225 0.9333480942786463 0.9002902402425069 0.8749705452008196 0.8575770143921774 0.8469408531149092 0.8441946423734118 
3.0000000000000000 1.3142780486191599 0.9035960172588159 0.7359751735197178 0.6388618159360058 0.5724042450567574 0.5234049600720482 0.4857239892858639 0.4555091363959471 0.4327727279258766 0.4155282171820455 0.4018210003685641 0.3936736957780648 0.3874056139763610 0.3868362891452184 
3.0000000000000000 0.8826476739042997 0.5143429024401295 0.3884638331565339 0.3228668124471268 0.2817652777606540 0.2532807328574481 0.2326940639408801 0.2166356492392391 0.2048158593090681 0.1961180685630469 0.1887284429073961 0.1841473073518667 0.1816289585141662 0.1806406394814426 
3.0000000000000000 0.5934609414667927 0.2930134965251223 0.2051233404907232 0.1636809599502880 0.1393225537765813 0.1234507002217190 0.1118719877612965 0.1023214185419822 0.0969293920754294 0.0915007852372607 0.0887109020507617 0.0860068934922545 0.0840914182561876 0.0842365982334229 
3.0000000000000000 0.3989314636877070 0.1672373758516004 0.1091344382242236 0.0832232145353198 0.0691293002669335 0.0605499437060508 0.0547350555262827 0.0487472957778168 0.0464222477361161 0.0438129684835686 0.0415250626023587 0.0404490879556672 0.0395835088587088 0.0395148252190922 
3.0000000000000000 0.2684333668690553 0.0951537167104881 0.0573716096743631 0.0416284374039501 0.0342684745263390 0.0298386239658600 0.0273198626845074 0.0232792337208059 0.0226783446281761 0.0212843232823425 0.0201294983881517 0.0202624050397853 0.0190822174166922 0.0193565015974225 
3.0000000000000000 0.1804156602455547 0.0537685614666956 0.0309283986615728 0.0200050005954952 0.0166226939067689 0.0143300833659991 0.0136546466158838 0.0120428044771126 0.0109256970863387 0.0096984387251745 0.0100521170937997 0.0089790027205686 0.0091349763104635 0.0095067325040869 
3.0000000000000000 0.1213077710218068 0.0303625343815451 0.0161965937873143 0.0096849372420663 0.0072764704117094 0.0069458413911034 0.0063159787203167 0.0060269123820329 0.0052413899655643 0.0049876220134631 0.0047473075447418 0.0045275938591091 0.0037101398940129 0.0044852518672837 
3.0000000000000000 0.0810604016401174 0.0174281981682654 0.0082225337736254 0.0046513182196525 0.0031375406602021 0.0037003107198641 0.0033981161644692 0.0033464943739065 0.0021164491897398 0.0020331107672548 0.0034055333832825 0.0013202714493425 0.0016953740707848 0.0017337967675885 
3.0000000000000000 0.0541877043600089 0.0104973386078979 0.0045783164921651 0.0025788388093248 0.0018813556065817 0.0017997540040049 0.0019457605835482 0.0014311905137320 0.0012044962398194 0.0017547793971928 0.0013877806401797 0.0008836976419596 0.0012116740239593 0.0014020971528727 
3.0000000000000000 0.0364257777958762 0.0057620883212289 0.0023192651870076 0.0018495662446303 0.0013704279872153 0.0013154475309218 0.0012204168756131 -0.0003443970153793 0.0001302041813189 0.0010655923846899 0.0009404593814089 -0.0004042543908242 0.0001283834369549 0.0013522449166890 
3.0000000000000000 0.0246117250386869 0.0034781839264432 0.0013477388446541 0.0011345695454357 0.0012632989095610 0.0013488360937156 0.0004675704597709 -0.0004706659478916 -0.0000570852985744 0.0007900983900334 0.0002178327204475 -0.0000597488281667 0.0003075125461495 0.0021120455709542 
3.0000000000000000 0.0164107104326409 0.0026103390149666 0.0008713431196713 0.0006159939247647 0.0014161887603476 0.0018056432829859 0.0000238142347754 0.0000151848436314 0.0000552400598393 0.0009289173741746 -0.0004491516023771 -0.0006410678839285 0.0004118871757506 0.0010457031023335 
3.0000000000000000 0.0112186804926256 0.0024127427299889 0.0005415249379824 0.0005459640678042 0.0006239440775394 0.0011396309063416 0.0007805094900133 0.0009342084116579 -0.0002009367295190 0.0002437564950664 -0.0003700205245479 -0.0003066855121039 0.0013244483641300 0.0002590536840750 
3.0000000000000000 1.9529192951298078 1.5697139485867251 1.3605966310288109 1.2120300631543108 1.0948072904628245 0.9994478305429930 0.9210724125524600 0.8567662053254725 0.8045619038723129 0.7637647736847546 0.7320442005129405 0.7104414902866205 0.6975190976668479 0.6936379010387945 
3.0000000000000000 1.3090262769470919 0.8880875181290756 0.7078859422787541 0.6003671325625245 0.5245461940483266 0.4667459145559487 0.4232273663564446 0.3900411878876790 0.3629894825304207 0.3424795980627509 0.3264475634721010 0.3162967405526222 0.3095955433672882 0.3073393502374377 
3.0000000000000000 0.8787615721972465 0.5049535208611893 0.3712376662258474 0.3009392983922362 0.2552441244378891 0.2220129341459856 0.1987544484341707 0.1808497451471691 0.1669612342012534 0.1563749819937544 0.1489188490278134 0.1437612457357805 0.1407945964249921 0.1404325526712929 
3.0000000000000000 0.5902827403070753 0.2867417221350841 0.1951335957520287 0.1505826872714134 0.1245993579878266 0.1059492104069068 0.0936392500620835 0.0837068193937444 0.0769136113999766 0.0723438174962359 0.0684167836488302 0.0655216210252691 0.0641409036016633 0.0636408243896990 
3.0000000000000004 0.3961937672369292 0.1623572275341067 0.1023045503703723 0.0751915076150834 0.0596789960064160 0.0501337588040013 0.0442419034162381 0.0388790715259605 0.0357447717961566 0.0326252161514248 0.0309439134631372 0.0284071669836618 0.0289240147029759 0.0302698496936825 
3.0000000000000004 0.2659677213062564 0.0923015559265894 0.0535871562382641 0.0370507321534051 0.0293768321594640 0.0238456203987364 0.0203529161078340 0.0185436275146478 0.0171097283932220 0.0159284093341013 0.0143670383105369 0.0133816098039477 0.0145189207242729 0.0146948091462280 
3.0000000000000000 0.1790495545929663 0.0526712488086876 0.0282168252669004 0.0184601498515840 0.0140775070943368 0.0118056354340098 0.0098023016675526 0.0089092886986222 0.0076891984116986 0.0078760887137424 0.0066180794463692 0.0066918606942725 0.0064378256526331 0.0058667539931394 
3.0000000000000004 0.1199389543546870 0.0292232131094366 0.0144532011190003 0.0092925500054144 0.0067909103616007 0.0055605161570228 0.0051907803222252 0.0034479966847868 0.0035120994663074 0.0031731083639227 0.0030830468400767 0.0031890209886515 0.0027034136521186 0.0040892797779779 
3.0000000000000004 0.0811012502664521 0.0169253939768012 0.0077212380948519 0.0043435466957856 0.0036821341635621 0.0034101221421236 0.0029082806884547 0.0012846350349294 0.0011016687495691 0.0019950616470746 0.0019088047670993 0.0018523577866451 0.0019751385151749 0.0032577893382486 
3.0000000000000004 0.0543041814307553 0.0097901880843803 0.0042362069939487 0.0024392681986227 0.0023758920461434 0.0012747814367797 0.0015115393393526 0.0001099288121928 0.0008054081209678 0.0008462403136862 0.0008449861679356 0.0004748908631508 0.0009874512392731 0.0006433756328071 
3.0000000000000004 0.0364378078775442 0.0058227566297662 0.0027355191419206 0.0020965038211307 0.0015561916452057 -0.0004972935791598 0.0000605900857705 0.0001957255359967 -0.0002929758360359 -0.0001660766196911 0.0008183267510400 0.0008980542531858 0.0003699986996663 -0.0011934249770463 
3.0000000000000004 0.0246558204000166 0.0034884518757080 0.0017499392416907 0.0001947509960552 0.0009440794052611 0.0005075528075856 -0.0001490790240373 0.0000508475353351 -0.0000190620700090 -0.0005903996822288 0.0000206067800555 0.0012352845356159 0.0005259777003423 -0.0005981731403171 
3.0000000000000004 0.0167089723863354 0.0024196303639620 0.0012321494296108 0.0001040715250061 0.0004383434021969 0.0002878228277961 -0.0004766689923839 0.0007032236629910 0.0000204059056796 -0.0002019030514650 -0.0002694633177941 0.0010133232886960 0.0001623881192516 -0.0002962534813037 
3.0000000000000004 0.0114871547043544 0.0016890010771585 0.0001999522178297 -0.0002019187044178 0.0003543235300475 0.0002756778392336 -0.0007308051480088 0.0009185791314638 -0.0010381107308213 -0.0002674278617484 -0.0001515215134993 0.0002563892143377 -0.0001108125496363 -0.0005266775754781 
3.0000000000000000 1.9494786497470380 1.5622094455392979 1.3491432712327431 1.1984582671919446 1.0799273541386536 0.9836759531672472 0.9055574774818076 0.8421869350889403 0.7914697618630492 0.7512763147938445 0.7207069125702583 0.6998320719627161 0.6877951904785023 0.6835316164556694 
3.0000000000000000 1.3055927204082705 0.8809265256176135 0.6999741828212644 0.5906002390433114 0.5136223496432305 0.4550611453447280 0.4091379210253726 0.3753345201625783 0.3476521862810064 0.3265912458391680 0.3112396100814441 0.3000641344911875 0.2939095500321023 0.2917713274649016 
3.0000000000000000 0.8760860746415445 0.4985495735391262 0.3653950437473304 0.2931130638344899 0.2463458620468878 0.2128619218790742 0.1873984889945574 0.1698174723640532 0.1558821034507642 0.1457261139858446 0.1385902916057972 0.1335819781742974 0.1292129347023797 0.1287380299299165 
3.0000000000000000 0.5889640993301059 0.2824105953036311 0.1917641143815425 0.1468333628657362 0.1202524136567281 0.1013176290408041 0.0878114401968850 0.0789927324913863 0.0711508675110786 0.0674380602002007 0.0631853823584653 0.0612876473838686 0.0588071911159113 0.0600172933040898 
3.0000000000000000 0.3959459571762740 0.1599565188293178 0.1010455316006405 0.0733571998745023 0.0585441526529610 0.0483037002191299 0.0414046623084701 0.0366251256263038 0.0332061619754168 0.0311225823113681 0.0290879887646417 0.0277824309619476 0.0268885501253657 0.0264954750837205 
3.0000000000000000 0.2658177495188113 0.0910464234301851 0.0529604900187637 0.0363244118374967 0.0280698730232596 0.0223165608297677 0.0188489088622681 0.0160683316267106 0.0147541881921400 0.0138501004828787 0.0132875962163746 0.0124846322023541 0.0129107827975254 0.0117905854763112 
3.0000000000000000 0.1781349796681211 0.0515165433829003 0.0281138586378168 0.0185491798087826 0.0132060427708968 0.0110417282884391 0.0090759033340257 0.0077975836843901 0.0076444240648193 0.0062469109526345 0.0056874323055231 0.0054369552139245 0.0047109677355794 0.0053128153861789 
3.0000000000000000 0.1190917261578203 0.0294847394949696 0.0145258287425884 0.0093487950823372 0.0066301643037025 0.0055350756285174 0.0038285502335943 0.0032226112978816 0.0038196084953495 0.0023706904602170 0.0026484620905891 0.0021796115854134 0.0027834230037545 0.0012439575676869 
3.0000000000000000 0.0795703675235046 0.0167785884286557 0.0078255358958377 0.0052481640823260 0.0034693498949242 0.0032599356341216 0.0021923215565366 0.0019861011775034 0.0022408628835339 0.0013679972568538 0.0012200610449109 0.0007164427433934 0.0011044455089716 0.0006764880668247 
3.0000000000000000 0.0534554196573615 0.0098652274345426 0.0039151605795834 0.0026618555888144 0.0019799813392805 0.0019221651789483 0.0016206489849333 0.0012019178794918 0.0005848146543035 0.0015711532331305 0.0006418891563987 -0.0000314113361193 0.0001540349071404 -0.0000677468668805 
3.0000000000000000 0.0361083183040953 0.0060994664544701 0.0020872029634186 0.0011708439615294 0.0013185226137551 0.0009885320921365 0.0010276593381404 0.0008767581688249 0.0015646343854945 0.0008462373054527 0.0009609320254845 -0.0001300423308833 -0.0000471298705655 0.0002070583985929 
3.0000000000000000 0.0242953332283571 0.0041589631932467 0.0007414751278129 0.0012080328765611 0.0006236102574148 0.0001640014183781 0.0005745021048717 0.0001570461843588 0.0007800554289257 0.0004075997324692 0.0005176698697142 0.0000192376128591 0.0006202840546740 0.0003575175372182 
3.0000000000000000 0.0160872380789444 0.0031907874647298 -0.0002258704064453 0.0008503212362466 0.0000158697354870 0.0002725830630658 0.0003832215936290 -0.0001652585185532 0.0011276592350455 0.0002228004009996 0.0011066757565346 0.0001313787094908 0.0008368489187817 -0.0013069783470294 
3.0000000000000000 0.0114734992482712 0.0023937336739857 -0.0003892082345553 0.0007404074568566 -0.0005105937516034 0.0002772504675246 0.0002297663982195 -0.0004058624001093 0.0003120902422852 0.0002820877265366 0.0009943879865719 0.0001566040132042 -0.0003353047505040 -0.0013858506190793 
3.0000000000000000 1.9435590761503121 1.5424468064251819 1.3119886522551591 1.1422936986440255 1.0052574835758690 0.8933641777417102 0.8013259048700067 0.7255102753609592 0.6651979906558440 0.6174083249341555 0.5813606954841143 0.5561110394201952 0.5410034212767285 0.5365196255618266 
3.0000000000000000 1.3032158731445480 0.8729239177960848 0.6832146423803224 0.5646941826629205 0.4788518362446572 0.4142641349638262 0.3637300302123918 0.3231422301292107 0.2929276316421849 0.2690094530220745 0.2514055481140655 0.2394490297867737 0.2326598020698259 0.2297808543510586 
3.0000000000000000 0.8746761960977897 0.4947115511018483 0.3568119093441552 0.2801864076304716 0.2280423917146438 0.1914678027066836 0.1642113769812583 0.1425127211678702 0.1268636941151386 0.1159133919358908 0.1069995364490346 0.1010742884375740 0.0973863393384791 0.0963290857702147 
3.0000000000000000 0.5869207600513370 0.2810696616521171 0.1865457674667315 0.1393243417027454 0.1097194701296698 0.0914969127226101 0.0774773119255238 0.0669858289031136 0.0591960241379196 0.0531418950760148 0.0491005650073300 0.0466508287659617 0.0447136984821413 0.0428696817117528 
3.0000000000000000 0.3941423968972481 0.1593940850363680 0.0977784939594910 0.0696189277466860 0.0530773881955911 0.0439337866493577 0.0361655980634007 0.0314923609417883 0.0269463995414181 0.0239588895455334 0.0226595770215647 0.0211288829005155 0.0203303928973458 0.0188055713350549 
3.0000000000000000 0.2646658287156784 0.0899235286516511 0.0509492312331422 0.0352673822066297 0.0258004078961425 0.0206644172756731 0.0170579319807094 0.0144261774794133 0.0125548075369453 0.0110125760710706 0.0105168693056121 0.0092886878444943 0.0095309241468380 0.0097731572746675 
3.0000000000000000 0.1777099454048049 0.0503220088820020 0.0266020529237059 0.0171961835031261 0.0119166931317572 0.0092091437110267 0.0076310133357128 0.0069725356862948 0.0058651529863537 0.0060365784615089 0.0046516574270811 0.0048545278542072 0.0038501761590450 0.0043654338043672 
3.0000000000000004 0.1188293435308159 0.0287790196335501 0.0138710008729065 0.0089817574000759 0.0058959280939937 0.0051989370029288 0.0039496978758520 0.0030709169578444 0.0026570461925269 0.0017145013116701 0.0028961457409093 0.0016009904225723 0.0028944502316908 0.0028912942114615 
3.0000000000000004 0.0796109760757618 0.0162651615766559 0.0066201522209622 0.0046105555480126 0.0029901110313413 0.0030325482974796 0.0015632275410347 0.0011138005483130 0.0011015588023958 0.0006524845544097 0.0014764521786750 0.0013731814069823 0.0012892641838401 0.0012882426608519 
3.0000000000000004 0.0532712499729975 0.0093696370224884 0.0026834728760066 0.0021347432316548 0.0012790312354239 0.0020045011076526 0.0009621169860247 0.0007664005395673 0.0005444326943632 0.0003655807358449 0.0006383522795412 0.0007254300591883 0.0014536205317674 0.0013003290860573 
3.0000000000000004 0.0355890531025007 0.0056707367629203 0.0012854236796838 0.0003425109574077 0.0012460868609152 0.0011569011555630 -0.0001580170041262 0.0005102329459431 0.0003385897430209 0.0011941350597837 -0.0003760071365908 0.0014091855662289 0.0003887062564790 0.0001598822267276 
3.0000000000000004 0.0241973811363119 0.0032082444294510 0.0015997828430363 0.0002525636202720 0.0008070420366585 0.0006969963780777 -0.0000430959705191 0.0004500153217707 -0.0003935069837395 0.0005577685895919 -0.0007156386980310 0.0004839660618271 0.0001527552183864 -0.0005760270616173 
3.0000000000000004 0.0162363925107307 0.0024187081200517 0.0015200322597587 -0.0000256734896147 -0.0001856200904967 0.0000860876113953 0.0012391811226414 -0.0006221521135753 -0.0007900815450873 0.0003714315954912 0.0003383442461029 0.0005230075621605 -0.0010814443323149 0.0007461908940966 
3.0000000000000004 0.0104036256247577 0.0014886043253103 0.0013308209287183 -0.0003322770345575 -0.0010595404839314 -0.0002001227854982 0.0006251358983106 -0.0004311036138308 -0.0007188632463559 0.0001787925076432 -0.0001999694837547 0.0002179067925307 -0.0007415948751627 0.0000992753647263 
3.0000000000000000 1.9412220063670071 1.5357084647731192 1.3008462315542406 1.1272994481632965 0.9872933668422407 0.8734046985734617 0.7799655754690071 0.7034225186823559 0.6432603922696488 0.5960918939925687 0.5604909010362028 0.5360584721501956 0.5219470768480288 0.5167422688230892 
3.0000000000000000 1.3007425049865509 0.8667453852190286 0.6738579214781193 0.5538523498773574 0.4657229646084011 0.3999107097975448 0.3487499031494208 0.3086001625257297 0.2782527016608429 0.2553735994371115 0.2389257860747832 0.2276285979436006 0.2207063507036503 0.2183614396600287 
3.0000000000000000 0.8727367561564485 0.4895819938580327 0.3492871317035533 0.2715698812960481 0.2205975361329212 0.1837255597240313 0.1572525506837262 0.1356952517488245 0.1208884758880630 0.1100590701519012 0.1032265043990105 0.0972930422675948 0.0934599830750154 0.0913721807915292 
3.0000000000000000 0.5858721569509207 0.2774628025454768 0.1817569858767673 0.1339209808787793 0.1046054581091723 0.0844995613301564 0.0718017304726370 0.0607073180691224 0.0538895404322083 0.0482242037346512 0.0443613452590539 0.0418818647215521 0.0409619435102817 0.0400086470297992 
3.0000000000000000 0.3934253262212477 0.1572571366093848 0.0944158323296207 0.0656787794115635 0.0501349218594389 0.0401507436463094 0.0332658488389731 0.0272422366023443 0.0245190277657971 0.0217734540630757 0.0198076970247787 0.0183919660812761 0.0174350321311207 0.0164412014624390 
3.0000000000000000 0.2641769161213306 0.0882295626132177 0.0486670915681743 0.0324189543536666 0.0228725610833913 0.0172095174816339 0.0154428191398443 0.0121600502598106 0.0110674535021215 0.0088014851377122 0.0067973101738781 0.0072249724278477 0.0068393700978435 0.0066453176236725 
3.0000000000000000 0.1774333514114574 0.0500710663472023 0.0254574698768420 0.0166240420999016 0.0103724354696392 0.0083384801529160 0.0073361924433748 0.0051595052067609 0.0055939880909413 0.0040268781036130 0.0042366487380275 0.0039520232618653 0.0032535197174269 0.0030933560692978 
3.0000000000000000 0.1193056693074731 0.0282028828195068 0.0130916415217745 0.0090764656596206 0.0045112346981230 0.0031984259597793 0.0032543866446325 0.0021124688840432 0.0021428219278424 0.0010211004107038 0.0014426822240448 0.0021731135201544 -0.0000399242556598 0.0009230872603226 
3.0000000000000000 0.0802264323101997 0.0161606974196824 0.0071263205912400 0.0038590201057227 0.0018086789983230 0.0020251412795267 0.0014584033290953 0.0005843978024840 0.0016740473140099 0.0003891297911087 0.0008866168171212 0.0009587282435475 -0.0001406621181001 -0.0000420513638705 
3.0000000000000000 0.0541675612485498 0.0097720170066383 0.0036899784569782 0.0025723338834091 0.0011961566332877 0.0018574533717698 0.0000017519216843 -0.0004627619923173 0.0003915673650166 0.0000095598701907 0.0012639122315556 -0.0003398466167376 0.0006450403204915 0.0002630326561912 
3.0000000000000000 0.0361113479374716 0.0046461965386263 0.0023325614280242 0.0011823438380112 0.0012758447690885 0.0015337935386058 -0.0003046414179801 -0.0001571845566869 -0.0000552479661303 0.0000180059259618 0.0012551385043780 0.0002244955736498 -0.0004592395712462 -0.0008041583139716 
3.0000000000000000 0.0241559090944544 0.0023093602552773 0.0013011460213523 0.0007959144496421 0.0001403957310798 0.0000574101822286 0.0007310767556050 0.0001155826901482 0.0000743111130663 -0.0006884349377957 0.0004389328254026 0.0000197394733517 -0.0005382454221412 -0.0008018220364130 
3.0000000000000000 0.0161838008914604 0.0017880539372740 0.0017945148686027 0.0005135227650152 -0.0000268467205929 0.0004321106179997 -0.0000887943606577 0.0005014815602144 0.0000676668627242 0.0005130754383478 0.0003836858258152 0.0007723486273225 -0.0000600493399140 0.0005773511691556 
3.0000000000000000 0.0109748133724114 0.0013191724091069 0.0018401414681908 0.0003744114420752 0.0000355124610895 0.0001842409977089 0.0004357326593713 0.0006702131049299 -0.0000635869165797 0.0000013100708157 0.0004949955482769 -0.0006081918607200 0.0000606011967364 -0.0002392380872857 
