2.126545695936487235e+00
3.780921187006997530e-01
-1.002779124640442721e+00
1.310273540273325876e+00
-5.516135239140220747e-01
1.395690553844736392e+00
1.252884132074963963e+00
-5.005040927358254954e-03
-1.058077979362846976e-01
4.520460221734134282e-02
9.708033907639345150e-01
-4.851740082519167552e-01
1.288463627413476698e-01
5.614857921979650168e-01
-2.191466347411046733e+00
-5.480738160333066267e-01
-1.243637248763606595e-01
-9.749665332536722184e-01
-1.796511168977426021e+00
-7.360799528604924369e-01
-1.498423515001867656e+00
-1.075054816219579712e-01
-7.123894865155621092e-01
1.891959843929489349e-01
-6.714085331013153191e-01
8.640745610054270109e-01
6.514218128409587916e-01
1.849230766778465762e-01
-3.070748698624038431e-01
1.941953103209318465e+00
2.205167954404118724e+00
-7.519278263905380122e-01
4.083348437176126389e-01
-2.213700225052674053e+00
4.675679116346753150e-01
-6.945839012448633554e-01
3.108135125825307044e-01
1.069930665091773092e-01
1.461863567382484241e+00
8.997462594950933479e-01
-1.806307348495642395e-01
-2.812029282447043865e-01
-1.146796580814847033e+00
2.577939558715022894e+00
-9.258987782067942263e-01
5.225079249885372645e-01
-1.838304420081045276e-01
-1.857060649937622987e+00
-7.098316755625666552e-01
-1.897597687471034744e+00
-2.242993450484115359e-01
1.367762827482227550e+00
8.259892052922369610e-01
8.964619980091386164e-01
1.800627643601894479e-01
-9.993039057075829568e-02
1.773906620784023946e+00
-6.888482326807633671e-02
-9.509437528271755258e-02
-9.404444279649837313e-02
-2.997144477566140996e-01
-4.401830019754723322e-01
-2.007692932436534738e-01
7.889728690436791370e-01
-7.436892368359375727e-01
1.119452540094263870e+00
3.327809092411530001e-01
2.098517920790261115e+00
2.227394509214906115e-01
5.942170386539051830e-01
6.610479743098990335e-01
-4.411830810112225137e-02
-9.349620568124228370e-01
-3.946643168207633612e-01
6.619449004485905563e-01
-1.985458824024267932e-03
-1.068426067845181349e+00
-1.774932923414478114e-01
3.782083725853384037e-01
1.620117887725131878e+00
7.459783632475966986e-01
4.822403107320218096e-03
4.261661910809105835e-01
6.970439668013413970e-01
1.154744073307421681e+00
1.459017534079654954e+00
-4.730477028798305006e-01
5.629217305113329850e-01
3.490506904450592363e-02
-7.798547052072316577e-01
1.324419276959456493e+00
-1.016832918409209086e+00
-7.491954686485016168e-01
-3.022275372566379792e-02
3.726166951540464956e-01
5.707247721169541599e-01
9.015179132374598336e-02
-1.208237464172665643e-01
1.757796809077962097e+00
1.911948634953137605e+00
-1.759437825392609733e+00
2.016268048760211151e+00
-1.181500993122391180e-01
1.265524684116401843e+00
-3.256063749469803037e-01
1.760276383311477177e+00
-1.827276399873300483e-01
1.251275058692074671e+00
-1.856424682761270151e-01
-6.410434013387439345e-02
-6.294145148690786229e-01
-2.453209587496532063e+00
-1.257235703509192448e-01
-8.543241120135605104e-01
-9.833757754933070139e-01
2.627610496293355524e-01
-1.992295810968647829e-01
9.390092890335225428e-01
-2.921387522454536034e-01
-1.924216878965527844e-01
6.831345111105483481e-01
4.861526725952393102e-01
9.807222876968271774e-02
9.314339108515053978e-01
1.733425755397860035e+00
-1.995259626407519971e+00
-5.665016322090382639e-01
4.808858441290450036e-01
1.225436532863230399e+00
6.092317994840006357e-01
3.758578794247051102e-01
4.844322742975595841e-02
1.298075856798183159e+00
1.866501929203335353e+00
1.232319188718028924e+00
-6.191074342710587430e-01
-4.804781161986334537e-01
1.595455000130748369e+00
6.323563012163077035e-01
1.132314784627648896e+00
6.495625604519320029e-02
6.278958157104219673e-01
-9.390833835965382015e-01
-1.145985744979988397e+00
-6.758858355294939946e-01
8.968299832114849934e-01
-4.369438929647975756e-01
5.006361601303420672e-01
-6.545576537357281621e-01
-1.534511997862392674e+00
-1.602734689421846825e+00
-2.045298298974057349e+00
-1.481124935559077427e+00
-8.103707842907300618e-01
-2.144447372988602663e+00
-4.333195606541993539e-01
1.392720898223992476e+00
-2.560759931116993182e-02
-1.863039942652656933e+00
6.781800496672853173e-03
1.554685245436119745e+00
1.456793895899075153e+00
4.607036677449742879e-01
2.035907355430264243e+00
3.926213105311692209e-01
-2.056860507907979141e+00
1.088380614137539393e+00
1.189141856592401458e+00
-1.683825391149243456e-01
-1.265094945706398466e+00
9.534721144510566182e-04
-1.167713691117987951e+00
1.111552326327293727e+00
-2.200543156647835730e+00
4.674162961165257979e-01
1.166655245398418694e+00
-6.823469337734382467e-01
2.218108326351617698e+00
1.227972264007814340e+00
-1.629082063527142576e+00
-1.608584673972062173e-01
-1.323870690530242866e+00
-1.240670623832741265e-01
1.893848261057300975e-01
-4.875963882663610360e-01
1.876229207532872145e+00
-2.456375939215949822e-01
1.254051715746458573e+00
-5.268612459892821898e-01
-9.501396855568463584e-01
2.015533365546657019e-01
1.218697068420934171e+00
-6.147996380179984177e-01
-1.568721517478028682e+00
1.004850560459420894e+00
1.223540691237445799e+00
2.724495191331665733e+00
1.271844729422700881e+00
9.999339703956591219e-01
6.624000975395208934e-01
-2.746333643155877691e-01
-1.533167186955197048e+00
7.184061001362017640e-01
-1.391355783615876307e-01
-7.308119564972125337e-01
-1.262438616033129346e+00
5.269352849259781868e-01
-2.577597904381686011e-01
-1.390461948381266355e-01
-3.069021761685927774e-01
2.878386701427097516e-01
-3.049501695822878222e-01
-2.634200035563568854e+00
-1.069598746391360600e-01
1.061403133160270906e+00
-1.078657898242328939e+00
-3.613932563604415060e-01
-8.118142130610497831e-02
-4.427745716507541229e-01
-3.268458573025270208e-01
-2.233138594224620688e-01
2.631099571169344564e+00
6.329883324568194025e-01
-3.678545304677010019e+00
-5.898564619170693080e-01
-3.625688269783213236e-01
5.445355920466065092e-01
-3.583812250566068558e-01
-6.751474062820728150e-01
3.563341745908978897e-01
3.631493964880637138e-01
8.808562347709514295e-01
-1.536625476016061920e-01
-3.456247574693695479e-01
-7.364218789831978862e-01
1.005833769532935795e+00
-4.223335376669235530e-01
3.702411748614845011e-01
-8.703817510684624947e-01
-1.266637751382818866e+00
1.430473649100870492e+00
-1.140677339003785651e+00
2.260721513536954053e+00
-1.900536437445010884e+00
-9.599617149513291203e-02
-7.778424706964311985e-01
-1.924429480742297249e+00
3.087211322568955141e-01
1.540044865281683606e+00
-3.056143959800247667e-01
4.198851494954501939e-01
1.580979479455503212e+00
-1.549938751367226697e+00
-2.247115450223986066e+00
1.582698021813374378e+00
-6.679393816276066320e-02
-1.259527534081407163e+00
-8.185096680408427972e-01
3.233879094797145748e-02
-3.470993763311302355e-02
1.667082245189339451e+00
8.122547796629705497e-01
1.354415958522482422e+00
-3.528214121788199598e-01
-5.938923200862993024e-02
-3.158254429694410392e-01
-1.751621473357370951e-01
-1.624336022508470201e-01
-1.020722342558817219e+00
7.733103241418659568e-01
-8.977436589035759917e-01
6.370221746983414368e-01
-1.487059557215008043e+00
-1.451933269506200386e-01
-1.757893259180798751e+00
4.018282960917335389e-01
-7.309334427335525408e-01
-1.581505157169789788e+00
2.145935682434974845e-01
-1.012063930803882128e+00
-6.639065689555614380e-01
-2.055403309531347172e-02
-5.337384208177361478e-01
-7.827271756284535087e-01
-1.019965136314309406e+00
-1.518050648183618012e+00
4.741182622181006612e-01
5.676517594393949429e-01
-1.192198423848579880e+00
6.743235658440194236e-01
-4.023588644664393144e-01
-3.439375455887001554e-01
2.501929674472207488e+00
2.369038961955451938e+00
1.341667950973428836e+00
-2.582681128972031948e-01
-6.901591509386586498e-01
-2.143597203996235656e+00
-1.814922619736061948e+00
-4.687195588165392612e-01
-1.175365309559840421e+00
1.857707575629686580e+00
4.888876262805193496e-01
-1.802153452635207320e-01
-5.321741606622475418e-01
-1.099605700465940528e+00
8.759722702768133473e-01
1.402680253246161080e+00
4.670116102980244599e-01
-4.302978630852337671e-01
-1.534444688930955314e+00
1.040598768959262843e+00
-3.436288700914358341e-01
1.590402389734525190e+00
-9.899801274691867325e-01
2.113866086575370007e-01
-1.011331813560763404e+00
-1.363293478189012475e+00
1.968333654304843250e-01
-1.188162488154361762e+00
1.628260611656767276e+00
-3.950180999588728259e-01
-1.370178001979529270e-01
5.483271746306164207e-01
5.665174774092590626e-03
2.167790617243712248e+00
1.338690358553423110e+00
-7.769471387271337237e-01
2.337032166388033905e-01
6.105054251855043246e-01
1.821431537353194186e+00
-7.731812947545143588e-01
2.072180672627303100e+00
1.491186374771682477e-01
6.453825075986603377e-01
-5.844488999701950016e-01
-1.915126221546058938e+00
1.631038380643888619e+00
3.639546408204036299e-01
5.654398126055598661e-01
-4.771798535433465771e-01
9.517312023242405772e-01
9.233096605166588033e-02
-1.469585185001277272e-01
2.597549265707076227e+00
-4.929740487586639630e-01
7.683453112657048223e-01
1.001703309722612734e-01
2.438138693072545049e+00
-1.024182299100716703e-01
-9.986348127543966946e-01
-1.062645282392144619e+00
-1.609586085314112180e+00
-1.747846549310278164e+00
2.893229382014074424e+00
-7.145930713807724377e-01
4.771856245137834351e-01
9.227418855464769587e-02
-1.154644912641628274e+00
-5.133999142519688474e-01
-1.310208067444216473e+00
2.039023640794668246e-01
-7.721196042209252375e-02
1.719802563032133635e+00
5.847213503051372774e-01
1.199728045886241157e+00
4.605454144944723938e-01
-2.153962669462842483e-01
1.808970447327704067e-01
-1.253332726898114258e+00
1.685375613453047761e+00
7.711212254755495099e-01
-9.339436735374118115e-02
9.288348089695324106e-01
-1.760128033279424742e-01
-9.205774086600795325e-01
2.447200519597462431e+00
-1.496066387370095896e+00
-8.532000766350514853e-01
5.712393556858014199e-01
-1.251455121311124685e-01
-1.399012992641151865e+00
-2.123425362679976836e+00
9.963100745605236730e-01
8.949915205400101881e-01
-4.378295415049957562e-01
-6.888511047256387076e-01
2.762035784337600330e-01
1.267106720561056887e+00
-1.360760267675518997e-01
7.388979712831094115e-01
-3.013036956611756523e-01
9.591695433257813042e-01
-4.962928912347776000e-01
2.239038498769595487e-01
-1.145161044665873318e+00
-1.133726600968552489e+00
1.798371173971157422e+00
-7.655786822115021595e-01
1.221971453840323241e+00
