-2.129809854803488722e+00
-2.644538568969363013e+01
-4.308132949417203150e+00
5.557714142674471169e+00
-4.224263736605999853e+00
6.610457254601171506e+00
1.907503609590115445e+01
-9.335411992205557397e+00
-4.009729022938445908e+00
5.744394246519604064e-01
1.546328790625204519e+01
2.817104050095874612e+01
-6.106608537139009307e+00
1.225828897082118729e+01
-1.311508704972844663e+00
1.365430219643469778e+00
2.504453354462132708e+01
-1.884442369046440025e+00
-1.566246181862880249e+01
-7.086881443308747919e+00
1.486611833378161940e+01
2.075527379542090500e+01
-1.063104409795399796e+01
8.785040953222932103e+00
3.303914272301408772e+00
7.659314578325948197e+00
1.637139082326113382e+01
-9.820988797113363589e+00
-3.558085124816147360e+00
-2.029479411159489288e+01
1.083721263381171696e+01
-9.217865406756510893e+00
-1.263495412556552466e+01
5.171636711308775780e+00
-2.575222510848125168e+01
4.540774566756108577e+00
-2.074296664919252109e+01
9.055065223030561938e+00
-1.481299422604005933e+00
-4.454114689926014670e+00
-2.223179048399793345e+01
2.462008510769434366e+01
1.046653490996900615e+01
2.816524740234993551e+00
-4.043127201506730550e+00
-1.301952008030216490e+01
1.369632257359530314e+01
3.580575813030558496e+00
9.374329823706958109e+00
-1.589161453278924796e+01
8.400529290752198008e+00
2.146555542709311926e+00
1.202043515359863157e+01
2.269256815563788976e+01
-1.328224007112319072e+01
1.951960791481945989e+01
-1.877633169790179934e+01
-9.945646952579195954e+00
2.522584325389496840e+00
-4.423233781883034510e+00
-1.235870655635806781e+00
-8.144955626105709001e+00
-2.323030231961645953e+01
-2.009935956665832890e+01
2.199834090524755315e+00
6.479843566189803505e-01
-1.485782753618832075e+01
-1.114702771048772512e+01
1.928831932737073274e+01
1.000971423191662879e+01
1.547491869843110024e+01
-1.175469495365297767e+01
9.927136577922897942e+00
6.309955400167068795e+00
2.364893871748558496e+01
-1.380842129730161005e+01
-1.678859250652644075e+00
5.526756976122898735e+00
-5.138714091814968299e+00
-2.252240985941507390e+01
2.930737030151413514e+00
2.258504436225418743e+01
1.942434248392422624e+00
9.297354061293283678e+00
5.763604707023099571e+00
-2.260529191842727048e+00
1.536274435469167443e+01
5.859291432015801604e+00
-9.427699588765735328e+00
-9.052578305454304086e+00
-1.570465508448504011e+01
-2.484324926523083832e+01
1.761021834902444994e+01
2.566690133417042929e+01
3.336391333566968154e+00
1.154672781519795066e+01
-1.150472814942644995e+01
3.746984332045841803e+00
-1.340087210658970385e+01
1.171392140687677141e+01
-3.528641693794583478e+00
-5.877697039797065592e+00
7.569929291367498259e+00
-1.417252051749185959e+01
-5.625737317959043970e+00
-2.629734301749626368e+01
-1.648730702807383253e+01
-5.928122870796083355e+00
2.042933907105505398e+01
1.172271428265167437e+01
-7.668450639992137496e+00
4.460896728364790675e+00
-2.167643001259036240e+01
-1.345464857643452561e+01
5.240489260416365980e+00
-2.665347610492844410e+00
-1.929952528125078004e+01
-7.418867480229883959e+00
1.742240263107482923e+00
-9.091562048845839072e+00
-1.291431351885113044e+00
1.573146818567638716e+00
3.042725060682581528e+01
3.367171777089340012e-01
2.091293060850886842e+00
-2.867552130335063509e+00
4.827293911514380476e+00
-2.733268910935239937e+00
-1.972025219388357087e+01
1.209974722000594305e+00
-1.970781152172656814e+00
-1.050545488650740378e+00
1.961652583145574980e+01
-1.586556281438465277e+01
1.193534825520610632e+01
-7.675988032239469128e+00
-4.617468430017741987e+00
-4.965992016630463191e+00
1.120957241246541436e+01
1.044915098347800164e+00
-1.992426698669577334e+01
-5.923708342804177462e+00
-4.958498864260763916e+00
1.316539146349991007e+01
1.407480815589776846e+01
-1.176469982279557946e+01
-1.649842054859745488e+01
-2.968602550388813377e+00
2.461061499740821645e+01
-1.764177161457004672e+01
-8.590736991660049782e+00
-1.520619056591177731e+01
-2.435991202447686188e+00
-9.329565653139516357e+00
-5.012289730055376147e+00
1.254173339997250025e+01
1.421347905410963897e+01
5.097619536091180237e-01
1.861150590037431718e-01
-4.032012563924885495e-01
1.216581637262091675e+01
7.881628847361232815e+00
-4.284171282134275671e+00
5.522404318508193910e+00
1.974697930283747027e+01
-2.218863395698548047e+01
2.575724459725002635e+00
-1.568650750679214312e+01
5.440248431740068114e+00
1.672599263881653897e+01
1.654860533636126263e+01
-3.031054127681749932e+01
8.691391217859823826e+00
-6.235383479324242195e+00
-3.790035059836345255e+01
2.421136410007827422e+01
-3.458815938787311950e+01
-1.930359543322649429e+01
-1.792822718935566684e+01
1.280064133506263246e+01
-6.748461554182362043e+00
-2.801059538596978093e+00
2.618157531202202648e+01
1.415733987966719098e+01
-4.668263957613955739e+00
-2.578453958559436643e+01
-5.420703606715269185e-01
-8.186535842992185508e+00
-5.055919361780413901e+00
5.438548854699660318e+00
9.402804822942020024e+00
-1.148502918995123068e+01
-1.987666514491457903e+01
-9.605463388625233634e+00
1.662309497883716602e+01
-2.331795239268224762e+01
6.719587004850903433e+00
-7.143992464634261630e+00
1.235307800379544574e+01
1.385109112529505992e+01
1.409002048698280696e+01
5.642233213232499267e+00
-6.961528638445519057e+00
-5.979937281376562774e-02
-3.892531346791530567e+00
-1.461547672126475517e+00
8.572228578151378287e+00
1.987752388092036071e+01
-2.209259756701429822e+00
1.723093950071622515e+01
-3.323301324537533219e+01
8.582350941084719409e+00
2.017058101495653588e+01
-9.220105506449272070e+00
-7.256253482020786016e+00
9.011020229458665654e+00
-2.135139775882069824e+00
3.222411797039101078e+00
-8.533446784057023393e+00
-1.918909528335334969e+01
1.639954032196844125e+01
-5.657026914531832595e+00
-4.408553277507000878e+00
1.263583196473270220e+01
-9.458717085143325543e-01
-2.875916408965461635e+00
-1.140936049332384172e+01
-5.497985764204192272e+00
-3.292651042332024769e+00
-3.069276586452784894e+00
-6.210834323766236231e+00
-2.679776666143279940e+01
8.431243649062581724e+00
-5.929348763112579412e+00
-1.513009691385445388e+00
3.029175250742082071e+01
1.459742919578980613e+00
-9.163735355255560933e+00
1.026004384553969295e+01
-1.464578751873422213e+01
-7.840260073879189662e+00
-7.943514294521505370e+00
1.031173071167531496e+01
1.188216499486807720e+01
-1.782989121903283847e+00
-2.430985391032252352e+01
4.333468248538891565e+00
-1.379625224069877554e+01
-2.639013521507884974e+01
2.519848428318069011e+01
2.791231715131920144e+00
-2.113360120541738496e+01
9.283709069440211792e+00
-6.136779395186817254e+00
1.796748821033633803e+01
-2.074485666096570480e+00
1.222738307569533234e+01
1.478086449739462971e+01
1.231756615899792884e+01
-5.033910236460976684e+00
7.012796465309758531e+00
1.025864797145022678e+01
1.597214667489516948e+01
-1.342371100066415579e+01
-8.401915394627776479e+00
2.426868320632181408e+01
3.355122388624175755e+01
1.491698617105238212e+00
-3.689522368182957202e+00
-7.791646792983094372e+00
4.607066989380857791e+00
-4.300444795281672117e-01
4.056774254934153667e+00
-1.489202171032951583e+01
1.900029215457333365e+01
2.191792177318665935e+01
-1.072023479191138406e+01
-2.215143251822959958e-01
5.303284021772158852e+00
-1.501262952601574341e+01
-9.217597018167468903e+00
-3.034040594046722550e+00
-1.682255417688093058e+00
-4.187216953490427329e+00
-2.438023220026724402e+01
3.541127057863555083e-01
6.514422515027380456e+00
-1.621832354162582490e+01
-2.420119562535755442e+00
-2.674362469073037119e+01
-1.456787121861843737e+01
1.731099007642917798e+00
-2.302458613435443979e+01
9.545026118469680299e+00
-5.441883400370159940e+00
9.881538433594119653e+00
-2.101509961342987509e+00
1.938181412311141827e+01
-1.032319914232924951e+01
1.540012856565369148e+01
-2.151849649699261846e+00
-3.134650018540247984e+01
2.020821370752845780e+01
9.616955931377809463e+00
1.663607394380834137e+01
1.219843564955117898e+01
2.257727753109424285e+01
6.497451173848622474e+00
-1.309960946787283298e+01
2.613201734549297228e+01
-2.743425594301573511e+00
-1.917610210840632545e+00
3.856772281767495869e+00
1.913475937195354604e+01
-9.432777799172401556e-01
-7.700247068855844645e+00
4.890161765639815528e+00
-1.795106576331625803e+01
1.142330651721946566e+01
1.265058292770058124e+01
-3.694417163839123219e+00
2.004569058544500137e+01
5.850574777736354370e+00
-1.080883486281464911e+01
5.269058798066563298e+00
-4.180563922274094679e+00
-8.811174808538973835e+00
-7.879807136525317723e+00
-1.771325679422520594e+01
-2.692318593406565697e+01
9.546533191196317603e+00
2.661632893131470112e+01
-2.549751121465559489e+00
-1.782830324605840744e+01
-7.631218655198519052e+00
-3.130707150130434258e+01
-7.317801182348716793e+00
1.964258969000903221e+01
1.619363126133942732e+00
-1.862122074009199224e+01
-1.124573539569474256e+01
4.671962062132179128e+00
-1.314331370379324504e+01
9.343841631832626504e+00
3.842062712517485767e+00
2.450339538776017623e+00
6.430655623089808870e+00
-2.106746906881177051e+00
-1.525161057388380215e+01
-7.237490395073775673e+00
-4.265862254945167464e+00
3.046179072522631870e+00
-1.039373408732507187e+01
1.872931982456491440e+01
3.415031746054511430e+00
2.099396967847393114e+01
3.564188947999610946e+01
-1.042913525676284614e+01
-6.628264806711358759e+00
1.640187041468810847e+01
9.730100010849191960e+00
-3.040563267224051014e+00
1.437986614122774398e+01
5.003967152431386900e+00
4.134785962485341315e+01
-6.723551415627580852e+00
2.124030338640511317e+01
-9.242555902913103694e+00
4.267054651224874817e+00
1.028849689403254430e+01
1.349803290874211914e+00
2.087899727554517781e+01
-3.139283510190470494e+01
-1.774583244987952169e+00
-3.289029871838525132e+00
7.247445365444606935e+00
7.516108802451604287e-01
2.234454092048559559e+01
5.267311630606059225e+00
6.108701681862901189e+00
-7.557976370121336274e+00
1.205982012762459021e+01
-1.343153302912818425e+01
-5.998274155871476054e+00
1.245995013027255816e+01
2.488317262376218864e+00
-1.263045174360268308e-01
-2.365455247395575000e+01
7.017299366690603613e+00
3.094371041974527259e+01
2.809839301853820803e+00
-9.893494549063349908e+00
9.926182442830299379e+00
1.346679448607627094e+01
-2.449318052851139882e+01
9.653001160403201553e+00
-2.344678645826819974e+01
5.989260330269269517e+00
4.685130137629938574e+00
9.078176437929018405e+00
