4.258592700449229107e-02
-3.700713290538249628e-02
-2.108400953096867952e-02
4.655571390827571016e-02
5.082047946412164563e-02
4.595514080754238562e-03
8.882814573051162066e-02
1.344594332148661975e-01
1.048344914130624056e-01
-5.026784396608473260e-02
-2.489259289847153833e-03
-1.597146986687664888e-02
2.546845673227000895e-03
8.219171502106109584e-02
-1.557078550466531319e-02
9.540424264726521386e-02
5.908619311341004043e-02
4.094877739404374078e-02
2.967016142176000931e-02
3.431788987581253086e-02
1.001381612158912943e-01
1.185875620117654572e-01
1.013101927690309156e-01
3.839568988101975389e-02
1.625070530787587481e-02
9.582802791651579000e-03
6.314243169319494475e-02
4.333386766506274607e-02
5.630009777128380105e-02
1.539911919895726317e-02
2.600252212189546608e-02
4.441214710694682544e-02
-2.376991034872042580e-02
7.524456412716074016e-02
1.514980907727873916e-02
2.043344516630812152e-02
8.360590859955387144e-02
4.801653865910778668e-02
6.297807281692111014e-02
1.050711721332710513e-01
3.030612945029365068e-02
6.374428827048574109e-02
2.923035546464571727e-02
1.000960946237944987e-01
1.271405098450866245e-01
-8.352611688266770029e-02
8.639957988592925076e-02
-4.337706701634226614e-02
3.154944114722985776e-02
5.841464358248307787e-02
1.174765358758433631e-01
-6.955067562295580430e-02
1.143771876510193963e-02
6.608083140601719863e-02
1.578562070498706060e-01
2.329098521034737856e-02
6.192834610612764357e-02
1.098939942604471309e-01
1.216345262864546584e-01
1.300862311693885554e-01
-1.010442647136750027e-02
3.374837903295658387e-02
1.141602278111074065e-01
1.309699371254501310e-01
7.839008724271401274e-03
-3.862719444544526759e-04
8.009114708223410983e-02
1.865139353530005650e-03
7.663081456999293328e-02
8.121192944122829216e-02
-2.011743628240900833e-02
-2.411459317893954041e-02
1.164053308738261655e-02
8.250157331345880918e-02
-5.330309130046408800e-02
-1.668189016232277111e-02
1.132103742634228000e-02
-4.431907467008297519e-02
-3.402580266588504931e-02
9.598777969997013271e-02
2.524382283136690497e-02
9.236621393474560293e-02
5.860707179003868394e-02
4.435183638823350649e-02
-1.166203875376563559e-01
5.213841835559636373e-02
9.093545278956144395e-02
5.580886804722698380e-02
-1.504228943180051931e-02
1.654249035261850381e-02
1.555492664296270755e-02
-1.541526301496920492e-02
8.685886606341330918e-02
1.478804861376900592e-01
7.860060767257809333e-02
-2.089578742451906473e-02
8.994545872569835454e-03
3.467727426670168256e-02
-8.739316225120269399e-02
1.552063699587505341e-03
1.003633278846706167e-01
4.830137584428759179e-02
-6.038289759919635707e-02
5.485913419577045924e-02
-3.108256767687216787e-02
-8.856711780172291104e-02
6.972946691986939283e-02
5.027457938828974737e-02
4.520990886399169767e-02
7.796359173223614547e-02
9.578218852175000853e-02
1.191977412554251770e-01
2.032709238899557680e-02
1.244434718747285118e-01
-1.292919516877252817e-04
2.106982023310779301e-02
6.987725055019791687e-02
1.066119354498428484e-01
-3.183838379317103368e-02
6.520441563522688666e-02
1.675674050003661542e-01
2.775717295434272647e-02
1.022039555173059888e-01
1.569153376083325391e-01
2.086618414372939934e-01
3.478711770235027451e-02
4.786951765875064463e-02
1.219286683036400337e-02
4.634833095962952176e-02
5.131178958370663512e-02
1.199995165999500069e-01
4.020065432135181555e-02
2.144625945624187985e-02
7.507290923206691446e-02
-3.363523575514834607e-02
-7.045911547006150633e-03
7.656244718417964945e-02
-4.974951623806585926e-02
2.509006414510858013e-02
1.077193263173345655e-01
8.711372167925920951e-02
1.182903298409658244e-01
4.334054668926118348e-02
-6.689903848391376417e-02
5.398385990272975415e-02
4.487549491357444714e-02
-2.443557888318178412e-02
3.190315402236301723e-02
-8.223962920691371692e-03
-5.754356456230789313e-02
-4.605295430857946765e-02
7.808158998995851086e-02
3.189056966502315515e-02
1.435356425914029177e-02
3.689679501877722589e-02
5.004094257314690986e-02
7.084972711483018826e-02
2.169645936448668516e-02
-1.302574790683065642e-02
8.019183723075758163e-02
3.716752979586394195e-02
4.055040641983021638e-02
-4.720185727020417832e-03
6.361011535808143436e-02
1.231873964317096171e-01
2.144311169764580999e-02
7.027713822885739425e-02
-2.096974720279858734e-02
-2.175110163688019627e-02
2.337015185668855216e-02
7.516784251015093399e-02
9.452076768179897004e-02
-7.265336550839758545e-02
1.422553285589892025e-02
7.195113831261644444e-02
8.174660859967730620e-02
6.555746605564288787e-02
2.184028613575863392e-02
-3.300966636398473819e-02
1.116339197386739951e-01
2.961853910523454259e-02
3.741961183290404280e-02
-7.840038082678285614e-02
6.923558030453252909e-02
2.634706279700425174e-02
3.766504166943291515e-02
2.413429704938962334e-02
1.123270182225955260e-01
7.525178572866994542e-02
5.182873142743803230e-02
1.253796987434935284e-01
-5.261403710558378716e-02
7.421245502220986945e-02
2.927797340142197779e-02
-2.194523633666703444e-02
5.171051493890188588e-04
5.493814452776760171e-03
3.058033509855383886e-02
-2.061596199159727166e-02
9.922665489880209966e-03
1.123421686170281292e-01
4.570113499835168347e-02
1.146990649790363137e-01
3.827201088182013988e-02
2.998742420244315116e-02
1.422828563278196456e-01
5.608729760697031552e-02
4.343150970620854312e-02
7.700881025112188416e-02
7.946544222384926970e-02
4.058267587016606975e-02
4.136774872896479410e-02
-5.407313012774937755e-03
-1.738888338074947443e-02
-6.614488880062234510e-02
7.049051548298834735e-02
1.026912895346666355e-01
1.407271070551971981e-01
1.489856312185143528e-03
6.646251889277697555e-02
1.750357027077382305e-02
-7.979387598712452123e-03
-5.796530212904840718e-03
1.768356618515583567e-01
1.269344365867639685e-02
7.564217260495828543e-02
6.728633565650075921e-02
1.161518342840808654e-01
-4.176596451289513179e-02
3.630481888524096645e-02
-7.698633505206635419e-02
2.153555206420452311e-02
1.266581015252331577e-01
-8.744805482603895674e-03
-2.440917996772597881e-02
-4.868800088136145815e-02
9.474411873690238850e-02
4.330369317318893269e-02
7.624418334133124808e-03
8.822389669342126095e-02
-1.899164724094887929e-02
6.205716713305401561e-02
-4.272654074663579521e-02
-3.642773343410952297e-02
9.076518991952362003e-02
-2.983830070772237886e-02
-1.331627125042107174e-01
4.821423762558154497e-02
3.769983180160798447e-02
1.104298171726634803e-01
6.775001393087073942e-02
3.996068822701066836e-02
-2.252060941233726549e-02
-3.902660583176802839e-02
6.913137783506476119e-02
4.369674860799600824e-02
1.246328842949883386e-01
-8.310949386726509958e-03
2.261645060705266830e-03
-1.544823355168530032e-02
7.471348559002516376e-02
8.346924922109588696e-02
1.113213087077740554e-01
5.936696127007754648e-02
4.689707064487558946e-02
1.079782321598981992e-01
6.197985329506123381e-02
1.195275548092953055e-01
9.464947429986686478e-02
6.689142097367670181e-02
1.304958183204397992e-01
3.941690575522496798e-02
-6.133710300708284519e-02
5.102923046980065852e-02
5.361173376112367966e-02
9.317739491979373789e-02
2.985817210225192447e-02
9.278092542064662884e-02
9.278011925566390095e-02
-2.385821319384327788e-03
5.662441303221103089e-02
3.393430574275629885e-02
7.859584111183054445e-02
4.523467768877104112e-03
7.554606969917221360e-02
3.885526308556708219e-03
1.119813046419699532e-01
6.969022338383160098e-03
1.134927560361362331e-03
1.038045939402673090e-01
-7.207660661038772787e-02
9.257196571960990550e-02
1.084217467043817329e-01
8.344854827551421994e-02
9.983699771282933400e-02
1.028908692600287167e-01
6.239950087614972579e-02
1.581173175973260570e-02
6.310977609604687122e-02
-1.875495487114316878e-02
-5.995847011113159680e-02
2.062940260286466598e-02
5.510248645758138164e-02
-2.090669167603650264e-02
1.849444606737445096e-02
6.076242195738980334e-02
2.675325756783311637e-02
-4.408428034997544792e-02
-2.505165231493348965e-03
4.306162716268120694e-02
2.054530158428618386e-02
9.253285334490204961e-02
9.762198613265027358e-02
-3.642796692155866878e-02
5.451191397907143715e-02
-2.173575263477902503e-02
5.821799701881611583e-02
4.879152411826754437e-02
-9.634727726607276999e-03
1.507018621426017141e-02
9.110010661038392410e-02
4.070989921688505930e-02
-1.169223081117823915e-01
7.708643121734075343e-02
6.052548391655440674e-02
-3.100569098260368833e-02
8.132696543008366419e-02
1.049688577736870299e-01
1.618177812733803678e-02
-2.648666241846041325e-02
3.629484078171328620e-02
8.468035814601740374e-02
8.293598333705601289e-02
7.530640001655655724e-02
3.748046432747116630e-02
3.592865393383674888e-02
3.837641053777743338e-02
4.521503894658242956e-02
5.915288983138106832e-02
1.030960968830299529e-01
2.759619095263689259e-02
4.584220354325407865e-02
5.715320460622756032e-02
1.191013431611002982e-02
-5.982065363830891408e-02
1.865634787926170185e-02
-1.326324988424413404e-02
-3.130924913649466013e-02
8.367390612675662531e-02
2.535888244425286986e-02
-6.917762966153352677e-02
1.004488954687972613e-01
8.414221523408436931e-02
-1.721901591694473266e-02
4.978394482812187327e-02
8.819383258681116888e-02
1.335840826913656243e-02
4.392488845809467551e-02
-1.518851088115021758e-02
6.119897285526480074e-02
9.882246988088633222e-02
5.414568910371084232e-02
1.089006448088281898e-01
9.277493785222715172e-02
4.826131330916091922e-02
4.757720537730043137e-02
-2.124534102121195672e-02
5.976029449373198438e-02
5.904612153679707903e-02
4.817389546689088142e-03
3.846698372307216784e-02
3.885201145929598893e-02
3.137859390962571132e-02
8.442522789911643954e-02
1.316538378567495005e-01
1.136204904293104667e-01
1.100184570561092978e-01
-7.604512464351947942e-02
8.128883668090239323e-02
6.791984147664292815e-02
-4.967829075176313086e-02
4.036689361799218612e-02
-5.332032741021744404e-03
-6.669620182222771310e-02
7.733495068778636905e-02
1.233690295225731981e-01
2.422245863015249495e-02
5.000883971854776233e-02
-3.213180143602274025e-02
9.465518742358978999e-02
-2.093710551334414249e-03
8.425547558911962442e-02
2.776156014574027164e-02
5.089984525274610788e-02
1.967939731852572094e-02
6.338388033479432082e-02
5.155686454324619195e-03
9.031742601973266615e-02
5.139106892979090901e-02
1.370414003805545677e-01
