4.216236803732814065e-01
4.266826127034151900e-02
-2.088655039380437617e-01
6.114583192638582965e-01
-6.481815218333654149e-01
5.192230137435783766e-01
-1.281089618267250985e-01
-1.842567807156781090e-01
4.786841396140737448e-01
3.608578011267715713e-02
-3.396902119445533996e-01
3.160232869246926146e-01
-8.714376393778325847e-01
-8.493206916075251023e-01
-4.420170759114366854e-01
1.801894539191247757e-01
-5.230276756482641343e-01
-3.171790916772125324e-01
-6.980742257965191211e-01
-1.149458189243009465e-01
-4.037679053170267762e-01
8.711807387468727126e-02
-3.692199213828344928e-01
9.241469140297791096e-01
3.912917220650724559e-01
8.823209645509658694e-01
-3.644296760813140468e-01
1.086970676252391188e+00
1.026631664750066619e+00
-1.149624857791010202e+00
-6.263217341549590644e-01
-6.396436870693110732e-01
1.334124498721729613e-01
-4.311612829884756831e-02
-8.945464023272842180e-01
-1.515227407549510352e-01
-6.887651851884455390e-01
-1.986263110105475904e-01
-1.637968585070398164e-01
-6.664862106958417964e-01
1.288697310746314273e-01
8.230241125941847313e-01
1.190430151714795715e+00
7.130201762651347530e-02
7.342600819654199196e-02
-1.061674545147344606e+00
1.083362633242950013e+00
2.316444572056067241e-01
6.794475056924196288e-01
9.915154514911020955e-01
4.012079805801424537e-02
4.200639711685935085e-01
-8.413935732962336544e-01
-3.203406803657771196e-01
3.085346332720352858e-01
-9.375613982731088036e-01
3.231864195817692464e-01
6.101619360662337010e-01
-1.529653313692674321e-01
2.707893319807964105e-01
8.262545181276731432e-01
1.004583542092254422e+00
3.830942975620257318e-01
-4.009635207215716535e-01
9.513665249592824225e-01
-2.694925835905013778e-01
3.233568214108766270e-01
1.038225910423760556e+00
-4.078751464818557437e-01
-4.648549877352709525e-01
-4.136171002938374142e-01
-1.967356265434145324e-01
1.122912733357759540e+00
4.906284496318651378e-01
6.229386725259885432e-02
-6.229129300227307375e-01
-9.607234255096420705e-01
1.256899043487162526e+00
-2.853843758738912051e-01
-2.627164459709716016e-01
1.664329696461306130e+00
-9.383101225309548044e-02
8.633074061942769273e-01
5.504706492799725792e-01
-1.052363490725478190e+00
-4.776236007321694732e-01
-7.245302819686781914e-01
-7.932825622065502458e-01
-5.710939321347528047e-02
-2.180705973310673174e-01
-3.551927395022866363e-01
8.767370259252057485e-01
-4.597745692348665369e-01
2.545202011000766706e-01
-5.084630124002810225e-01
1.086762155846907163e+00
-2.901249253241566101e-02
8.457687647420078503e-02
-6.960281478538202782e-01
1.756344204531539166e+00
-2.086055701759170489e-01
2.024677059504271792e-01
-3.115792939205737355e-02
5.085251646280082305e-01
-6.552297309911002676e-01
3.159633414878167956e-01
3.044712113971642653e-04
-5.020523205870490724e-01
9.188563807861552246e-02
-3.825003370002099112e-01
1.353486298154369383e+00
-4.232201513932282166e-01
-2.242397913556265499e-01
2.207924355875338224e-02
1.355710327305338914e-01
1.154059635588571275e+00
1.245910808126369673e+00
1.166604535645072938e+00
-1.034390122429695025e-01
1.536225414201446204e+00
1.404296103920730010e+00
-3.295430547823821610e-01
1.400409368147450540e-01
-1.209687012086885227e-02
-2.479853965431320362e-01
-5.776304880764127070e-01
-2.596396156980481651e-01
5.073911709451071200e-02
-8.063156660634930306e-01
4.636394044964519123e-01
-2.901800872388286545e-01
-1.252018907453686714e+00
4.158684276927692158e-01
-2.295391614267238978e-01
-1.999543383752568348e-01
1.840008948241515785e-01
-1.122554535981114959e-01
-8.369547253278410981e-01
-5.796891826984131857e-01
-1.166584674395679255e-01
-1.008505045425094337e+00
4.718457482925312307e-01
1.418324918784917177e+00
-6.001563647427636816e-01
-1.309327094744197062e-01
1.904622332253106398e-01
-7.670654957859739387e-01
5.826192387437191256e-01
-5.330307243811298612e-01
-6.211622384418502563e-01
-5.392887085868599550e-01
5.725128862463398915e-01
1.991953358791771489e-01
-2.930904460182458537e-01
-6.585706030345653827e-01
8.421970155939136893e-01
7.056201622357040071e-01
1.054194825306798533e+00
-4.317791632778740230e-01
-3.623505828394539274e-01
3.239551653552247279e-01
8.051230120728680717e-01
-5.383504358294203263e-01
-8.107582148734031324e-02
-2.814897117297849305e-01
4.752880014529219099e-03
-7.682818944947422679e-01
-7.994243607626546622e-01
3.624185246725107890e-01
-1.161223232640255398e+00
1.343994532669024800e+00
9.920956547139481163e-04
-3.527728408387484360e-01
-1.079261209905299390e+00
-4.812856949008436080e-01
-2.707284514201059866e-01
5.953537340743810663e-02
-4.251546112803292199e-01
-1.099351874565460824e-01
-6.726263639864210608e-01
1.190776609749518933e+00
1.606525676211600473e+00
-1.466905996733389173e-01
4.428444100504913550e-01
5.039863750612312288e-01
-6.760435999142316854e-01
-1.729589627083187864e-01
-3.480022675892853190e-01
6.617008475333991946e-01
-3.997805985450121613e-02
-2.491265945439545826e-01
3.190374678338405712e-01
1.128234604544364750e-05
-1.388424150548537295e-01
3.050873889781307025e+00
1.645929702641566461e+00
1.909749367306816881e+00
-2.175002459535051447e-01
5.324115742662490630e-02
-1.189333453730720525e+00
-4.254723134842843812e-01
1.648343791629691690e-01
1.392946906044333077e-02
-2.599112448075903137e-01
8.344601137163324411e-01
2.400312696482304886e-01
1.091300100880669088e+00
2.959341057589767732e-01
-1.361955590206917199e-01
-5.229547504134955949e-01
-5.295377141425039458e-01
-1.034915548836012333e-01
-2.847593512555653128e-02
-4.490176448032725531e-01
-4.425560896707348979e-01
5.003587456089128582e-03
-1.468885915731675262e-01
3.662783274865170080e-01
1.500287201948000027e+00
3.064809653503335896e-01
-2.909247190469843591e-01
1.508885835727318936e+00
-4.404469268104100332e-01
7.786822261775009357e-01
-3.576227864094499442e-01
-1.594965162462906871e-01
-3.708762341856187694e-01
-1.376753905207638018e-01
-9.912609560478966575e-01
-1.025277540238812291e-01
-2.738792063393818976e-01
1.536620386695237483e+00
1.170560913582508578e+00
-6.107145608927432301e-01
-9.424275196240990971e-01
7.064110560145955287e-01
-6.521704741356721957e-01
-6.929644455617669507e-01
-4.499922692812183822e-01
1.109938928296552607e+00
-9.096822997936817590e-01
2.387313104743093162e-01
3.966944547857222392e-01
-5.398410409947663746e-01
3.118924442135995179e-01
-4.395343893798959733e-01
-4.795326778943102553e-01
1.254394761933394165e+00
-6.612131254223844179e-01
-6.688652706257233738e-02
-5.397362716125939652e-01
1.141241485682457923e-01
7.251762120253052446e-01
-9.426509297665942588e-01
-5.972180108936158138e-01
1.165939401310051693e+00
-1.469148156697236973e-01
-4.388829699089363268e-01
8.838684450553448979e-01
-6.473938188904950763e-01
1.336828200547850676e+00
-1.077121724910192313e+00
-8.709860573819547258e-02
-2.573316944977891430e-01
-5.619287084736948046e-01
6.062020830409687866e-01
1.797582107564197784e+00
8.820950878002348228e-01
-7.943502478847066506e-01
-7.091018672141918833e-01
-1.552733873904260653e-02
1.278107788645166609e+00
-5.508130114045695080e-01
-6.959425419674411528e-03
1.011115120944348078e+00
-1.344536850719266208e-01
-8.334262596826204073e-01
-3.610325673598498986e-01
5.574528890837131545e-01
1.092759834576564337e-01
-4.612947612186648061e-01
-1.252829655281700871e-01
7.603166391187896056e-04
-4.039104458439973788e-01
-3.741714347697339682e-01
-2.758903589558044100e-02
-6.936388855684272325e-01
8.312670023912471784e-02
-4.564929166355501944e-01
3.869217944162788858e-01
-1.857364597453757815e-01
-7.545772888944335399e-02
6.271750982427141130e-01
6.078219253096129870e-01
8.725377387092556059e-02
2.809848815116361420e-01
-9.111665155799595350e-01
-1.285376489692036939e-01
7.684896287446808527e-01
3.109469750152479839e-01
-1.509777676849072270e-01
1.818492153028163916e+00
5.065975143247233303e-01
-7.758489604896563474e-01
-1.839081760630126988e-02
-5.761505272410449852e-01
8.201607837771152099e-01
-6.771685182244674417e-01
-4.405494491513776145e-01
-1.432573340265634598e-01
4.048126912259414345e-01
-3.744945673046408130e-01
-1.137499358978638075e-01
-1.117509328203865504e+00
1.083483281450408064e+00
2.778555379584735641e-01
4.945914518748297795e-01
-2.029208283532243917e-01
1.794836731981622469e-01
-1.383015135363422909e-01
-7.601671523538237885e-02
-2.057854822529828209e-01
-5.004587175449886072e-01
-1.199775074202189262e-01
-1.953507953417661647e-01
-2.646105007213557236e-01
-4.173760092299977353e-01
7.796746339396817826e-02
-3.876838918160752101e-01
-3.850906619877882964e-01
6.196574687657311481e-02
4.134694051562352035e-01
1.950826322809086355e-01
5.795140103880631610e-01
1.132403908787684710e+00
-7.575737848660030194e-01
-2.758299292230660948e-01
-6.273145100888600778e-01
-2.979925683487079369e-02
2.104379864624808527e-01
1.431526142218882525e+00
-3.819736688415369397e-01
-8.556400237896490124e-02
5.841541443067915784e-01
-1.078681640593917246e+00
3.178434660921050647e-01
7.811614778415224558e-01
8.904508550192413718e-02
7.074658577603044618e-01
-2.409113521278469228e-01
-5.169745579927512713e-01
-4.058159156276426871e-01
-7.190985188781399140e-01
-1.962489145443976901e-01
3.989609943104685530e-01
3.231442133742092049e-02
-3.006460677953550764e-01
1.406294081099275006e+00
1.237245070972816885e+00
8.971983790987436702e-01
-1.280160036223132902e+00
9.412179556515372081e-01
1.568115461204562910e+00
2.543292388882044675e-01
1.335620850025317718e+00
-5.863857699610660612e-01
2.830392302483767386e-01
-1.073176967661743919e-01
-2.844664927585418557e-01
9.638445044502785830e-03
9.899638242919509556e-01
2.129794183141652919e+00
-5.370324216432761366e-01
-5.155935149861164135e-02
-1.121064270104164262e-01
1.152625941640240681e-01
-7.286233438032121423e-01
1.095207030861015118e+00
-2.229115771380532907e-01
-5.723328711332059671e-01
-8.269439841440631156e-01
6.982147260906840236e-01
1.068813092204166537e+00
-2.288983444959755836e-02
8.231386907880494652e-02
1.927151144593956533e-01
-5.046709054674100026e-01
-4.440611841642919111e-01
-3.684287778598072660e-01
-2.580702351793015548e-01
3.230330951306434883e-01
-4.638008522275274270e-01
6.592928111763916021e-01
-8.342850860195448748e-01
-6.851599950548002971e-01
1.185836098336555455e+00
1.366509127181377625e+00
-7.789300193617246792e-01
-4.739361815971227521e-01
1.781016040389065413e-01
