4.484976938322757789e-01
6.548188156450077124e-02
-1.718072776152293479e-01
5.932686840980373466e-01
-5.889786171015836125e-01
5.154313554061749070e-01
-1.358844703710909152e-01
-1.833774859258286150e-01
5.039154985849046975e-01
7.903981568484959308e-02
-2.864832737316943545e-01
3.139869434468628429e-01
-8.146037693017803560e-01
-8.531872904233651633e-01
-4.234522367334329074e-01
1.973970885450915813e-01
-4.925057778460403268e-01
-2.831371060428927722e-01
-7.196388750647864097e-01
-1.150899446902894224e-01
-4.283505533740105675e-01
1.191927200378791185e-01
-4.100910086862795678e-01
9.168779468614187689e-01
4.165395402522049650e-01
8.910648011903800070e-01
-3.994998432929967036e-01
1.044711050666101260e+00
1.052234850027907287e+00
-1.273961530511324547e+00
-6.328916848471242140e-01
-6.691482377397868220e-01
1.475777691480245346e-01
-9.911574726848129679e-02
-8.884256211626212485e-01
-1.069717203497118074e-01
-6.887526549079924232e-01
-2.146270545528684015e-01
-1.255537927786319063e-01
-7.552699511660231346e-01
1.047056825326327101e-01
8.142402183185958320e-01
1.159160095272155688e+00
5.552490106071015369e-02
7.505050133174420712e-02
-1.061667332493055893e+00
1.046288226647118069e+00
2.951812308698880671e-01
6.765327630238222589e-01
1.004168235608573267e+00
9.210865858468655909e-03
4.218510749816906102e-01
-9.870471531711638713e-01
-2.664527924764173439e-01
2.855967767057566165e-01
-8.875569658872390910e-01
2.998188178465620579e-01
5.928386538773191550e-01
-1.701228123815916593e-01
2.727078684753875826e-01
8.151755324666040137e-01
9.942267876723703823e-01
3.641041013806683435e-01
-3.964379143458274246e-01
9.509635548850881026e-01
-2.635718662416191571e-01
3.513155906736872280e-01
1.029458675821983249e+00
-4.060802754267804904e-01
-4.447276453229259130e-01
-3.587998211598822929e-01
-3.495837102359629078e-01
1.116662029742918616e+00
4.690423534102415304e-01
1.118094461079453816e-01
-6.224512984670589333e-01
-9.258290200308544327e-01
1.219113140854843458e+00
-2.407828863739162883e-01
-2.485866258576784060e-01
1.612290590435414561e+00
-1.150566212588458592e-01
8.490855453840874256e-01
5.744262274266335178e-01
-1.016905275439555556e+00
-4.524859730587971196e-01
-6.855928607551086129e-01
-7.913514449867755651e-01
-6.607505864443727339e-02
-2.179496536693357467e-01
-3.385092529217392787e-01
8.520295522451470926e-01
-5.122623599544569029e-01
2.598831793347100572e-01
-4.871973780168716295e-01
1.078047815734898052e+00
-2.860643703972849672e-02
5.430747890996608790e-02
-8.317926704988316544e-01
1.713613387423273515e+00
-2.160644525188289422e-01
2.256696749736067376e-01
-4.863833122385229080e-02
4.999947901621210056e-01
-6.608304354924309232e-01
2.933183586147827815e-01
-1.168676218752143919e-02
-4.785070879715146441e-01
7.808778054231803323e-02
-3.984593167375295453e-01
1.334338932307327363e+00
-6.020363419404312078e-01
-2.734490009884578132e-01
6.834964171592906867e-02
1.694464824715385121e-01
1.151314900020852239e+00
1.215008049597544604e+00
1.112594477046695562e+00
-4.202873473743951732e-02
1.485923810293326319e+00
1.355794296235439234e+00
-3.081246103661353652e-01
1.879411840968454317e-01
2.330756605671654991e-03
-2.531996223217882203e-01
-6.152084876524356316e-01
-2.748595097417604882e-01
4.554960403130416113e-02
-7.766141062377656112e-01
4.658497544034679305e-01
-2.928990662297149550e-01
-1.240787031776742877e+00
4.524889462793747485e-01
-2.456649291618829833e-01
-1.263647433804615250e-01
2.291582093284656729e-01
-1.218041557812913067e-01
-8.246857649877931129e-01
-5.778634310298330634e-01
-1.642210991519002239e-01
-9.699835841690001015e-01
4.348761424033168455e-01
1.400153901984922955e+00
-5.924629164024098893e-01
-1.202466452666961644e-01
1.745977040745978481e-01
-8.823433555520803218e-01
6.400288448237954064e-01
-5.275537835899756223e-01
-7.805547280333945404e-01
-5.263539432098570670e-01
6.075684285825303510e-01
2.255295846638300794e-01
-2.831556966942737064e-01
-6.360527320398531304e-01
8.534291408898904141e-01
7.266482499867463751e-01
1.049905512390297613e+00
-4.334302746620133928e-01
-3.527303582040679508e-01
3.207169181127313973e-01
7.763249202441068197e-01
-4.965362353607017942e-01
-3.435606704764955499e-02
-3.062537337361126988e-01
2.864095831622229249e-02
-8.065175813794773774e-01
-7.797645804648518641e-01
3.829977547330327137e-01
-1.082754446405537418e+00
1.288123077022840457e+00
-3.367275283540451664e-02
-3.261280042110216715e-01
-1.141889477963612398e+00
-4.918238280975653076e-01
-3.037202255923525662e-01
9.881892403905941091e-02
-3.758920422863696320e-01
-1.296578017348413436e-01
-6.559114971180186604e-01
1.198657353715633089e+00
1.575330583526604711e+00
-1.552438608459775493e-01
4.560767864834595064e-01
5.159843764003669842e-01
-6.304974011947331869e-01
-1.648960954947293611e-01
-2.921957848806084890e-01
6.511800162520445800e-01
-1.209572477946475183e-02
-2.663607425800627038e-01
3.759937581536693663e-01
-3.256120267090341358e-02
-6.328553058582858659e-02
2.962737457793922058e+00
1.604543371204006474e+00
1.887611883479049846e+00
-1.820846523159017627e-01
8.544753978039026920e-02
-1.256195717383748800e+00
-3.981071615431738819e-01
1.791211386503334946e-01
6.833532487681957812e-02
-2.874754882935028899e-01
8.495740516234510098e-01
2.059695916991004516e-01
1.086258412712141963e+00
2.474406133119149420e-01
-1.486267891672315988e-01
-4.528912097558804306e-01
-5.800785671214189199e-01
-3.684323789456678266e-02
-5.799424017850111218e-02
-3.997206087247274775e-01
-3.575369447720428973e-01
-1.894835897241299583e-02
-1.818135475424103586e-01
3.597901039506677390e-01
1.475255134814839941e+00
3.149439913808617653e-01
-4.564731889031327650e-01
1.507092090139943608e+00
-4.252884093142130784e-01
7.800587207403262280e-01
-3.531900721952639932e-01
-1.686798957011049760e-01
-4.038678243532759504e-01
-9.081539041949318602e-02
-1.030579849181225915e+00
-6.021911630024490147e-02
-2.181585189888791687e-01
1.514552808188679878e+00
1.143777175181813321e+00
-7.707385947748072175e-01
-9.318484436928903270e-01
6.841756287308057294e-01
-6.353891514136023044e-01
-6.849233436454729151e-01
-4.464419210337330357e-01
1.146499512811063326e+00
-8.775224423513894312e-01
2.177420377657945383e-01
4.379978504954784579e-01
-5.403089946026002899e-01
3.343962697339545875e-01
-4.192863766135799253e-01
-4.582465478985439100e-01
1.232516953015131422e+00
-6.195033985514764030e-01
-8.035396331870842124e-02
-5.623376710813499102e-01
1.141455584026264541e-01
7.246347597958158193e-01
-9.227548875501558889e-01
-5.736460552974411709e-01
1.165237533752305765e+00
-1.802142239441483218e-01
-3.822117156171722097e-01
8.664227510103860164e-01
-6.506073934037153172e-01
1.307466946003578823e+00
-1.103374483955736451e+00
-1.168902419680516724e-01
-2.525181052657493042e-01
-5.480274081301602651e-01
6.283612818974348979e-01
1.735191447603043002e+00
8.909407133443502103e-01
-7.496314030798257866e-01
-6.940752017290375830e-01
-2.587405530458809083e-02
1.268067473917757093e+00
-5.633195323982023162e-01
-7.352978208394117532e-03
9.883973976248615623e-01
-1.019969492111278409e-01
-8.266025389960391934e-01
-3.423047641812589359e-01
5.613436003280593001e-01
1.133991658409017195e-01
-4.479444588882511846e-01
-7.850232819840238796e-02
4.510517050654926779e-02
-4.157856755170828422e-01
-4.158393805842062196e-01
-7.577048625329912968e-02
-6.787459926643428787e-01
5.684877726405687670e-02
-4.354635648938788295e-01
4.160348188723330121e-01
-2.079307432018563939e-01
-4.650320037368606968e-02
6.167068630423836462e-01
5.884538317103507055e-01
1.130398351819267566e-01
2.293742651312632996e-01
-8.842944861403484458e-01
-1.346318389971618013e-01
7.573526692444789710e-01
3.414180446686599368e-01
-1.146144020767244365e-01
1.776783458127537907e+00
5.371784335680604983e-01
-9.203889295463869580e-01
-6.163670458220210646e-02
-5.832194631919555006e-01
8.426169184413305757e-01
-6.585922391257514885e-01
-3.961004921561994130e-01
-1.421268415702876819e-01
4.173223904663764250e-01
-3.188600355952341259e-01
-1.145051895891174287e-01
-1.241759559207470165e+00
1.078634036648232764e+00
2.851891328172975193e-01
5.215514063078320328e-01
-2.279814610788079288e-01
1.768145657176799501e-01
-1.113015338722047887e-01
-1.186055509924855977e-01
-2.096403962641744390e-01
-4.561460844318922514e-01
-1.283449363605419224e-01
-1.682472945896757444e-01
-2.503501682282268104e-01
-4.538590453657286861e-01
1.089401836201056434e-01
-3.802541043606320614e-01
-3.892537389867412601e-01
8.029980377432474614e-02
4.131089890988397517e-01
1.766150585010315688e-01
5.763093080028397486e-01
1.123539859977344291e+00
-7.320322175471407622e-01
-2.561192699399420514e-01
-6.198197943107401908e-01
-3.833783078981511244e-02
1.778090473293952867e-01
1.400538483271815515e+00
-4.154150914540026829e-01
-6.805455053031331247e-02
6.151210706738383660e-01
-1.084668614839678247e+00
3.520548577507302546e-01
7.678663990451284338e-01
1.220088138474537814e-01
6.859523184562922316e-01
-2.472576724864862796e-01
-4.605654234482287612e-01
-3.907244341145196809e-01
-6.851901517854426249e-01
-2.062329610141574177e-01
4.278104844112033955e-01
8.160284462496159019e-02
-2.848704719939415542e-01
1.378515060789648139e+00
1.207636602022816863e+00
8.831779551774124881e-01
-1.289901027865224759e+00
9.471972608740996113e-01
1.539030920880989584e+00
2.651907586053126598e-01
1.292176135719068641e+00
-5.770498435928407277e-01
3.236911622975469638e-01
-1.018375423877060926e-01
-2.846227330982913362e-01
6.857642209954242785e-02
9.608893377615512765e-01
2.036140760980531539e+00
-5.242517887570106172e-01
-6.548197981454417782e-02
-1.186179026923638996e-01
1.560748853963425109e-01
-7.167381317887324688e-01
1.084899004344523910e+00
-2.160289449765422642e-01
-5.313427741391398840e-01
-9.438798808753565694e-01
7.157746375092699509e-01
1.088492915080616186e+00
1.712791524154758105e-02
1.360142414564726177e-01
2.279486921440317948e-01
-5.188823403270477197e-01
-4.423320263763470539e-01
-3.208192740840152268e-01
-2.494337398415703011e-01
2.911175376228719025e-01
-4.872066233619518072e-01
6.467211799971381847e-01
-8.227079913102641751e-01
-6.342963449118501629e-01
1.180711903555638598e+00
1.323465792614058723e+00
-7.455164092750568017e-01
-4.772995083668588601e-01
1.532180280882512735e-01
