-7.318970136814028082e-01
-1.114800522336155009e+00
-5.191271387698443984e-01
1.325334985841632784e+00
1.094908970095837653e+00
6.408302198644821868e-01
-2.447440035284781379e-01
2.392095407962347431e-01
7.875439083904992588e-01
1.637254531147364078e-01
3.363487478537257047e-01
-8.747921700348257890e-01
-1.807411836003051997e+00
3.351177392116087006e-01
4.433751332232366976e-02
2.137709216701221687e-02
1.121798223606619294e+00
-1.281493068890684706e+00
-1.058244007448410295e+00
-6.661935292250185103e-01
-6.050974443716276019e-01
-3.943897809854541858e-01
3.578795845326839253e-01
-9.471422518853127581e-01
-1.104378200069927818e+00
6.380829850457131469e-01
1.335211809520243653e+00
-8.826723256935988804e-01
-1.139305792803636752e+00
6.843108357668805652e-01
6.493749782330258125e-01
9.026739603173176141e-01
1.502546355921752230e-01
1.931372785740755882e-01
-1.189997205427716365e+00
-5.871057449682840490e-01
-1.636593203408100328e+00
-5.485550685748442623e-01
2.418711498728138287e-01
5.924305210063985916e-01
-1.448981065315954941e+00
8.660980471596815833e-02
1.164538236368411750e-01
-1.832559370840042945e+00
2.183204148245786680e+00
-6.445822459541450389e-02
6.871956406704166076e-02
-6.743243668420771941e-01
1.083097971826896488e+00
8.102103184163379490e-01
-1.101442732914571954e+00
-4.630887372187798834e-02
1.885923907058597582e+00
-1.151253462644306502e+00
-8.569324607051664877e-02
2.761314002298899672e-01
-1.056154771970484019e+00
1.529308647772260832e+00
-1.250498173398345847e-01
2.461617639049292539e+00
-1.910188918233319821e+00
-8.948194110635664389e-01
5.755867929951338224e-01
-2.700510236492612126e+00
2.165809089797989362e+00
-1.663612685404537883e+00
-1.438041561367485510e+00
2.538492892133402901e+00
-3.524323463790622890e-01
6.713018605396138261e-01
8.790600077243896360e-01
-3.663052023706785953e-01
3.316382516355217414e-01
-5.248720926086417743e-02
5.060518836408712806e-01
3.884923543284941050e-01
7.455413677715365672e-01
-9.738307960688729059e-01
1.150683195594296881e+00
-1.511848568949882399e+00
-7.086827624591068853e-01
1.543718016000614757e+00
1.094700661959588261e+00
4.055341538079354491e-01
-2.118052460383020197e+00
-4.957108185761218561e-02
8.816216342505640569e-01
-4.028945646426621702e-02
-9.505921259320129768e-02
-2.274459824548701325e-01
1.861505741890798205e-01
1.760138351012469626e-01
-4.654552221655031824e-02
4.537205391067513083e-01
1.182435940209478759e-02
6.896228301470139765e-01
3.758477964288339801e-01
-6.049728742143959392e-01
-1.431285348460262563e+00
8.375805528893264240e-01
1.903009169446536974e+00
-1.048094295852987079e-01
1.756010246009987341e+00
2.229947766277619703e+00
-1.552326551451771008e+00
-6.448607035378928209e-01
-1.504722901350667164e-01
-7.100716101737356012e-02
-5.854030121471207604e-01
2.294892799188493204e-01
1.072608450755937248e+00
1.625823119125996641e+00
-1.574990899272283862e-01
-4.329534197664694495e-01
-7.683463763787041767e-01
-5.498383403898802202e-01
-8.547661093459660853e-01
4.279331358379678263e-01
-1.260167199539427907e+00
1.845908532370906352e+00
5.821958024944822174e-01
-1.551925226351785758e-01
9.895587368933089767e-01
-1.940086009010263846e+00
-4.084795058414744107e-01
3.829081249827984146e-01
2.460199519393901468e+00
-3.135163538880870515e+00
-4.693258099475547951e-01
-5.354447467895936397e-01
-4.177470993971836855e-01
4.211816479255865442e-01
1.167601993975659003e+00
-1.638394939530358974e+00
1.012247450238440427e+00
5.991718707137674294e-01
2.130337413013859926e+00
-2.968130745141763227e-01
-1.150783487574188024e+00
1.772745550378871382e-01
2.910055441102444185e+00
-1.073422507400116244e+00
-1.128602353677753412e+00
1.105042450413310728e+00
-4.661555004346996101e-01
6.249709891613492996e-01
-1.264821834392865219e+00
-9.527336001118175135e-01
-1.890240729449108370e+00
4.041034165146530910e-01
-1.286227573706320682e+00
2.421775525993062672e+00
-1.478342625370034691e+00
1.228569850719228640e+00
-2.961159258913936276e-01
-1.186131450867498049e+00
2.332851658248091820e+00
4.659092407747894571e-01
-1.071557207122667554e+00
-7.421337336305393606e-01
-5.983873517167217493e-01
4.516871387142927796e-01
2.259843960119315570e-02
2.866321441420261462e-01
1.124318107259549393e+00
-1.640915523225078276e-01
-9.639630820826243507e-03
2.132283518308076276e-01
1.585558939639373777e-01
1.991365919384155081e+00
-1.139606175688247847e+00
-2.340468056146423503e+00
-2.801871655784802240e-01
1.918132437017855130e-01
-8.678618945571427989e-01
-1.473132173285587099e+00
-8.316877593376921229e-01
1.545547251308888814e+00
8.959458841491984016e-01
7.160136617694818906e-01
9.375519615363581138e-01
5.910750166708533815e-02
-5.973756665195290028e-01
2.319853799187677978e+00
-6.904110517191486274e-01
-7.263246946465111709e-01
-2.501161925370067318e-01
-5.324524889270405570e-01
4.828023084708040202e-01
-1.352194574693469153e+00
1.062591611426057181e+00
1.468488746584325266e+00
1.370004038211867670e+00
-9.543610637608939129e-01
1.869963041062351561e+00
1.282986490260649148e+00
-4.708355254392577738e-01
-5.723074651804032076e-01
-8.974841326364236815e-01
5.973423937914426052e-01
-1.318517849380835272e-01
-1.876469783296869365e-01
-1.185927774080875879e-01
1.107284879587216775e+00
1.016597303354717791e-01
2.310162500900566629e-01
-9.389750460971999502e-01
1.129002327834680797e+00
-1.183522238988138131e+00
6.662952789971590684e-02
6.490734453663629111e-01
-1.899935223973377774e+00
-1.544296730200138690e-01
-9.371163270557483216e-01
8.983979977147701357e-01
1.027621294817402386e+00
1.494723341570336927e+00
3.216585420299319376e-01
-4.078522988923293791e-01
2.145415369296621022e-01
-7.975015039513196902e-01
3.687617778301521820e-02
1.177133267650622983e+00
4.607135516805469511e-01
1.478762371939666309e+00
-1.039545560448518424e+00
9.868306574552706545e-01
3.074805975364335864e-01
-1.029277786181479248e+00
-1.836903270633663821e-01
1.704900555124502226e-01
5.850984590320441603e-01
3.614326700794638914e-01
-1.798104219334023757e+00
1.589201194412071416e+00
6.394359230156598795e-01
-3.797568630865651440e-01
1.479006374025633175e-01
8.368002450905592804e-01
-5.514426075237626179e-01
2.977345481389843673e+00
-1.208327913706480627e+00
-1.257669151435357513e+00
1.758009196202436453e+00
-6.269904295815253992e-01
-1.084367235756691361e+00
4.832151610819891974e-01
-6.528845250934658395e-01
-1.049361954972687139e+00
-1.322951326920940307e-01
-1.256595202979265080e+00
-7.512447073913772755e-01
-1.548270469003083516e+00
1.865237071822252179e+00
-1.230514888941545815e+00
7.131595447459124770e-01
3.794364818800465833e-01
4.564274172330325396e-01
-2.182376337965748814e+00
1.331852547504831952e+00
-1.089839836876517642e+00
1.730780736850973556e+00
-9.505909136779179258e-01
1.412448902745864432e+00
-1.866643373328056077e+00
1.202899704357125454e-01
1.043006027199546271e+00
1.157079627825701396e+00
2.270312025478650741e-01
-1.920228131108946135e-01
1.446742180773360753e-01
-1.603542961139552414e+00
7.706530675043823386e-01
1.261649756547844836e+00
-1.592020000159435067e-01
6.303113334020238323e-01
2.095586408095261088e+00
5.512729951457323585e-01
2.786205891871084694e-01
4.942786517058603835e-01
7.363360102725972078e-01
4.995716960435625520e-01
-7.799906035471394494e-01
1.403703526866298512e+00
5.489373743818142248e-01
-2.403748040935012042e+00
-8.242393685962631222e-01
1.218128585808717856e+00
5.078489681043067971e-01
1.135469966161309685e+00
-1.135044078669158019e+00
6.279627719629229943e-02
-1.973583664130079018e+00
8.423948152754370811e-02
1.095054877938578919e+00
2.191904096582672601e+00
-1.106255512276336450e+00
5.503459476741397183e-02
8.406981964244000238e-01
3.804949352810409191e-02
1.796871317252768607e+00
2.410737659532920518e-01
-1.130510555392947980e+00
1.269577479991431002e+00
4.818310743314485611e-01
-1.939103161941509168e-01
3.582717773419957785e-01
2.500388034959761807e+00
2.439549108662618093e-01
-8.408612428402321148e-01
-2.840833621957831179e-01
3.972695712669258583e-01
-9.619156898315094351e-01
1.433822796082041773e+00
4.468080250912405127e-01
-9.787763124486695832e-01
-3.306408465814146824e-01
2.351958488903545863e+00
1.703835728876309241e-01
6.387749118444142615e-01
-5.082248690674818770e-01
-1.217489142298902038e+00
1.172982948565679528e+00
3.644162100911702007e-01
3.389781871194337548e-02
-8.114043427710998513e-01
-2.883782022810537526e+00
-3.500282302504534315e-01
1.474304223663698288e-01
-2.175415610711746439e-01
-1.080391118357864944e+00
1.231406462092006660e+00
-9.895182829476898423e-01
-7.960324982840831787e-01
4.867307560716704340e-01
1.100452737198155173e+00
1.758191545496983199e+00
-6.504704038485259465e-01
-2.068145573608080934e+00
6.029942543535906641e-01
-1.789393354729001517e+00
-3.235417159433982004e-01
-2.693256248778063688e-01
-3.465588791543025016e-01
-1.247069508317005943e-01
-8.141663675867171213e-01
-8.546963532831522437e-02
-2.029721668448672744e+00
1.002548671726682938e+00
9.864334725106542745e-01
-2.805984261860870466e-01
1.940425755989777512e+00
1.735582126959920313e-01
-7.706816731494802175e-01
1.492279449880584918e+00
-1.610967194947678260e+00
-9.917541043910336196e-01
-7.963997969198622906e-01
8.337005482721069338e-01
1.777673684655705300e+00
3.846495640688321616e-01
8.092494799243495907e-01
1.785755815469177055e+00
1.491094272214445793e+00
4.637611333289258786e-01
1.743910467026249966e+00
6.200505621513174859e-01
-1.558323766613180839e+00
7.839042660702443266e-01
2.916334269979378169e-01
2.051428109211625717e-01
-6.938225936903730240e-02
-2.076308157864889203e+00
1.408231499565885558e+00
1.267337896054112401e+00
-1.123793089787103128e+00
-5.307031195895640652e-01
-1.240638547889901355e+00
-7.448745565356997833e-01
1.149167333479216291e+00
-1.373835685184044531e+00
5.545584919735194740e-01
4.593231121675774020e-02
-2.688119228682758877e+00
5.202551362902184673e-01
5.242426887328985874e-01
7.293194081389369199e-01
1.104836389211347969e+00
-3.891565312138644539e-01
1.996956117090767924e+00
-2.758025098842387668e-01
-1.332007705560634414e-01
-3.813619040457797982e-01
-1.187923803197284411e-01
-7.539930222901474188e-01
-1.373366716452236957e+00
3.738964854427418438e-01
-1.116058366756561782e+00
1.441652104015077596e-01
-2.840387339644142028e-01
