1.097117646166227622e+01
-3.579961064212592081e+00
-2.912846512049252379e+00
-2.624128601770544478e+01
-3.628667873669130794e-01
-1.628874297832305373e+01
1.914038725785216499e+01
9.935497529449067500e+00
2.584865054239849869e+01
6.389805006287138101e-01
-2.181258425011437740e+00
3.732294374646472068e+00
-4.882550928959192404e+00
2.144949008395186496e+01
-7.905684795703280976e+00
-2.459360037003712662e+01
-5.244649195263688668e+00
2.228733068793984273e+01
1.531996683532420711e+01
7.468340889144796435e+00
1.549804210146066197e+01
-8.784813325662362615e+00
-1.432371802315762110e+01
-1.157544833782186755e+00
-6.463778705205908359e+00
1.938257291140687499e+01
-1.676174281565939728e+00
1.180090208338179103e+01
1.596870899922857490e+01
3.147650318841327532e+01
3.339317936706506784e-01
1.588168805590183297e+01
1.094853335753887436e+01
-1.170234571408060020e+01
6.563264671020503371e+00
-3.945947297673622245e+01
-3.408878376889691708e+01
-9.101020691761306125e+00
9.670800453251386486e+00
9.661680137743616115e+00
-4.063034195464539700e+00
-5.921753946314303185e+00
3.004940477136740506e-01
6.953237318490862462e-01
-1.296898212426489039e+01
-2.820339092888007326e-01
-7.441982487756161113e+00
-3.782227159715748854e+01
2.101268678359859621e+01
2.638360276157484918e+01
2.639519678675889214e+00
2.701447494892649814e+01
-2.025412392264811601e+01
6.239735875251708919e+00
-7.630190932681611748e+00
5.586310461305806996e+00
-1.382638520888970923e+01
1.316227766514477793e+01
2.869669375547817536e-01
-2.049399655098995510e+01
-2.664521710213142924e+01
1.429014748666645751e+01
-2.192783912657970191e+01
-3.386368825921841630e+00
-3.042339411482045364e+01
-3.764898895601144435e+00
-7.786076904901558571e+00
1.185601251562166247e+01
-6.714487733556239846e+00
-1.704059004073664729e+00
1.677677103592344210e+01
1.561753665989649598e+00
3.752564622437979391e+00
6.644182941565059508e+00
2.758039867277775614e-01
-2.982841626909121757e+01
3.195547044632197853e+00
6.412048966721522802e+00
2.059246782824679656e+01
-5.500319823699868493e+00
-1.482791790009076571e+00
-7.997948298399530032e+00
2.829523861204075885e+01
-3.382245044440552739e+00
5.838335291154020723e+00
-1.546729259107365984e+01
-1.647407766218643843e+01
2.147709913794020320e+00
5.416471479725328386e+00
1.675705045998833498e+01
-1.431143103800212657e+01
-1.764418318920781559e+01
-4.052256283373317558e+01
-6.834492293764043325e+00
1.369269989059282988e-01
2.917073361622677385e+00
-2.295340161432850223e+01
1.228713547949582185e+01
2.824230026760705670e+00
4.056419075670556040e+00
-1.158522517023588527e+01
9.079351663169740405e+00
-3.574759937659450326e+00
1.219035116973130606e+00
4.603293528587784955e+00
1.800255993761766149e+01
1.547938468682897195e+01
-1.063854079877634007e+01
-1.807928186805302317e+01
2.519171821189473137e-01
4.998232811600219705e+00
-2.225303530431060217e+00
-7.718556218677007585e+00
-9.530914935275815125e+00
4.555883119278894888e+00
3.150177906605815537e+00
2.911074302242896650e+00
1.988311322302486417e+00
-3.658957974464945195e+00
1.558672638933160393e+01
4.487284843731458750e+00
8.189489972506251547e+00
3.825644389330515427e+00
1.407767828266714893e+01
2.358315917306789800e+01
5.678201162644984201e+00
-1.779303449286810945e+01
-6.137008994591036881e+00
1.053015431469534136e+01
-6.190688143358932471e+00
1.384201010531868192e+01
1.318634445582925174e+01
-2.812796873981877166e+00
1.440378128748721487e+01
-1.947303422965556408e+01
-1.907965561451799985e+01
-1.785339751041298584e+01
-3.357647323116166316e+00
-8.804661441901153296e+00
1.011315580831784366e+01
9.144725857117890655e+00
-1.956761872063610497e+01
-5.913878149835458231e+00
-1.801340276580350164e+01
-1.131855810149833808e+01
1.356871740573309104e+01
1.650119012571859889e+00
6.579361934777992360e+00
-3.310075975971015882e+00
5.757579862645900715e-01
1.182669597371253900e+01
3.565062955668564459e+00
-9.507726399134989848e+00
-2.562141618354326056e+01
-1.822551120783363032e+01
-6.897083480866677441e+00
-3.422164221986077060e-01
-2.602811190329483537e+01
1.716181430173936562e+01
1.111375379513234130e+01
2.035801362108330181e+01
-7.365895317950915455e+00
3.843066686927548048e+00
1.162194031538390959e+01
2.897141248572717043e+00
-1.513663173327794631e+01
1.624055414258273089e+01
-4.108287123453304712e-01
1.358593297112296039e+00
-2.552593281616679732e+01
-1.597517160650838264e+01
-4.990217751751488073e+00
1.962829350008080453e+01
-7.056483444254904924e+00
-2.678989116562960682e+00
1.246622695109547152e+01
1.300056232732658579e+01
-1.295871881698321815e+01
1.841403338588276739e+01
-4.130292215595152250e+00
-9.437981539990083490e+00
2.458260294630148124e+01
2.478606733572889098e+01
-3.382995652949106535e+00
1.863778258211759464e+01
1.042949268367134508e+01
1.039955978516435309e+01
-7.215550198551882843e+00
-1.349069295461085005e+01
2.807691675100250528e+00
1.432781710355903182e-01
5.242634143695990012e-01
8.894325227898095321e+00
-4.613772814085348450e+00
3.658804962379173986e+01
8.419385619594901726e+00
-1.718865812375171132e+01
-5.814235228006407574e+00
1.531633558332028144e+01
4.464579652765406692e+00
6.935435230936988660e+00
-1.326752359163523920e+01
-3.087956582201663469e+00
1.176297180490845973e+00
-2.200316366694982406e+01
8.803520570371978771e-01
-4.245937846614732614e+00
-2.677432551158946694e+01
6.944583111050707025e+00
1.053565311536592120e+01
-1.712098204819146474e+01
9.418348511180056448e+00
1.290357918638169643e+01
-1.767272342091813186e+01
1.341208701799545722e+01
2.217404849247404641e+01
1.312022557026962843e+01
-1.166914963506665792e+01
-8.299382646480414349e-01
-6.582809219238174414e+00
-2.889525992560401590e+01
5.859852147845558967e+00
-1.092812916007800084e+01
-1.672418099943151049e+01
-1.787512157408430946e+00
-8.314500757154970501e+00
5.410026509961175734e+00
-4.981709016188803574e+00
-3.537905586264717961e-01
1.466741944562564903e+01
-6.465942182853966713e+00
3.617867166012100455e+00
1.379664727018721848e+01
1.353376666503137749e+01
-2.510155458436516440e+01
-1.537424020551171822e+01
-2.575880417454622417e+01
1.765436651858220429e+01
1.754316979784477226e+01
1.973684435610526933e+01
6.555606892267478614e+00
1.762831422718656071e+01
-1.181858689495362214e+01
1.758454637061355541e+01
3.509798305018752451e+00
-4.296593316929975259e+00
1.431550148476015361e+00
2.030307089606770177e+01
1.523458261371582800e+00
6.333414236379240947e+00
-3.162079037985562024e+01
-3.377268156098866214e+00
-3.353591894380922422e+00
4.169289214086878914e+00
7.218979171996597444e+00
2.316759043943670804e+01
-8.849281110706142428e+00
1.605342397992028225e+01
-8.288164272213435879e+00
-7.684735685127084714e+00
3.437898786371117232e+00
1.933260539877190709e+01
-1.609475936705408117e+01
2.938008774241827226e+01
-2.495575391287606237e+01
-1.149540501231408030e+01
2.552803060237110344e+01
1.704711931015575033e+01
-1.039643317600315919e+00
-7.475246838128937199e+00
-2.010868587736423851e+00
7.462634372134795413e+00
-6.012085745129986947e+00
1.337219572692024805e+01
-3.554235576035571498e+00
2.481867651971211508e+00
-1.054318266485898192e+01
-2.720802091128561084e+00
-1.748668072698293585e+01
-5.782899153804598846e+00
4.367808880553228690e+00
1.109885030940126782e+01
-4.059694373075651286e-01
4.094165903139985296e+00
-3.567462249905185701e+01
-1.375252429757233497e+00
1.617035214313822777e+01
-2.054390593244951901e+01
-7.637635915245009066e-01
-1.628059905188315426e+01
1.451610260900720029e+01
2.537947577014299227e+01
3.742501975082878118e+01
-7.849597257041861731e+00
5.146308895866352096e+00
2.126926912625752308e+01
-1.016838833118134833e+00
3.606659661788664817e+00
-3.728851338322686004e+00
-6.831325446023977399e+00
1.587919750156862486e+00
8.549626820909841385e+00
-7.836889108027057738e+00
-1.483348090470382630e+01
2.131033972452214087e+01
-1.844203362976882943e+01
1.558242916518029197e+01
-2.524590319936232063e+01
9.869095993683222545e+00
-1.002758171555348987e+01
6.828997121590225650e-01
3.772116583965150927e+00
1.085707479413864363e+01
9.721129163987972888e+00
5.475914404577995498e+00
7.777159918730263577e+00
1.728944959758684163e+01
3.384376358134116636e+00
-1.131708144194469945e+01
3.480786196962133427e+00
-3.749404979358093914e+00
-5.755945440494826260e-01
-3.387979445725901595e+00
-4.566331559040039956e+00
5.594780793922473627e+00
2.807637687221584955e+01
3.661081159995516643e+00
-2.799413334991906055e+01
-1.271326569260047989e+01
-5.516086079359542538e+00
-1.520301819081462646e+01
-1.259415731372122238e+01
1.248332236831290842e+01
1.845078675607846108e+01
-2.921396464242381086e+01
-1.575349305048427340e+01
5.771463740565821787e+00
-9.719465070536799089e+00
-3.769292912284386565e-01
2.542321995939957446e+00
-5.248529883683265007e-01
-4.200874966286916035e+00
-9.987985326738549219e+00
-3.857384395063802707e+00
-1.962666926848858795e+00
-1.884202043003750049e+01
-7.163879622252498969e+00
-8.837273744173558043e+00
-1.738102415339541462e+00
5.258336837236887717e+00
1.651800405831727048e+00
3.502086804578618651e+00
-1.193722724583359529e+01
1.218217079568053407e+01
-1.495938199143114566e+01
-1.219588047316652890e+01
-3.582799260761146964e+00
1.464352002234514893e+00
8.392561224769478301e+00
-8.123459853241588036e+00
6.439104393957548744e+00
3.260056523144629015e+00
9.578171090860319481e+00
1.760474931983179303e+01
1.130957669738288374e+01
1.909921881712596470e+00
5.544873205926815096e+00
2.045163771693755184e+00
2.297069261706991217e+00
1.263338511940242048e+00
-1.022386091577904138e-01
-1.385959853571291767e+01
-5.362940193125443678e+00
-2.261407444357807961e+01
4.577608882921850864e+00
-3.926484782516592276e+00
2.559881394352856887e+01
9.156550570092724328e+00
-1.074819927593494917e+01
-3.443454707531726999e+00
9.478881487504693837e+00
1.177090035201772444e+01
8.652944289786759668e+00
-2.364971926041704720e+01
-3.707253200526470227e+00
1.073628539218686662e+01
2.559391673510750209e+01
1.686041028813679077e+01
7.156427210362812374e+00
-6.681765868183302537e+00
-9.473461482538242384e-01
-2.303043834048130734e+01
5.357760677532057869e+00
-5.919404802350049621e+00
6.335535704562357040e+00
2.803298496893615877e+00
-1.769792192232822359e+01
8.685291632207881918e+00
5.390341409959250818e+00
-5.319382179135792477e+00
