4.258589781539996733e-02
-3.700716168322143451e-02
-2.108403877250971531e-02
4.655569596861260789e-02
5.082073597193201980e-02
4.595460936889353420e-03
8.882813610069409394e-02
1.344594417268488717e-01
1.048344579066664284e-01
-5.026781870268832997e-02
-2.489239570975090854e-03
-1.597146510387775081e-02
2.546832542258611887e-03
8.219171310019647569e-02
-1.557081263702558144e-02
9.540419570083694123e-02
5.908627059027726086e-02
4.094909417698046339e-02
2.967013948600838447e-02
3.431792863822664963e-02
1.001381344589640232e-01
1.185875397930111763e-01
1.013101420547092013e-01
3.839571180160258890e-02
1.625078975031633843e-02
9.582772230307255723e-03
6.314265785196951364e-02
4.333364668958854249e-02
5.630008274859856637e-02
1.539910433024321845e-02
2.600275140860003331e-02
4.441242021252367334e-02
-2.376985585865853956e-02
7.524462267135248461e-02
1.514978119112327798e-02
2.043342174363938640e-02
8.360588933520640698e-02
4.801659194753656740e-02
6.297806779855914805e-02
1.050710741082868938e-01
3.030646344930414821e-02
6.374434378861602857e-02
2.923044508706650058e-02
1.000960980345945023e-01
1.271404907945485052e-01
-8.352610496812745700e-02
8.639957811722515091e-02
-4.337708132832585745e-02
3.154938070031372555e-02
5.841457402756459333e-02
1.174764472657214009e-01
-6.955069569001165464e-02
1.143781476203187264e-02
6.608082435126422238e-02
1.578561862869750643e-01
2.329096059000743124e-02
6.192827700457046586e-02
1.098939603348490501e-01
1.216345154180042132e-01
1.300862284029379590e-01
-1.010437965792657794e-02
3.374838169000292376e-02
1.141601168700603353e-01
1.309700066905465365e-01
7.838894359453583982e-03
-3.863511605812913752e-04
8.009086662214340291e-02
1.865119800675864303e-03
7.663084527961663839e-02
8.121197862908642595e-02
-2.011741399891286974e-02
-2.411452356530371932e-02
1.164057353596579386e-02
8.250160470088466202e-02
-5.330310622048617386e-02
-1.668189847150088057e-02
1.132095910498869679e-02
-4.431909228795506694e-02
-3.402581010641735765e-02
9.598774981715886556e-02
2.524393037199423179e-02
9.236620153775186581e-02
5.860707712447216916e-02
4.435183510778083205e-02
-1.166204105366461380e-01
5.213881549767884066e-02
9.093546537680960440e-02
5.580898319986125206e-02
-1.504226509406131340e-02
1.654262235443473839e-02
1.555491167125051116e-02
-1.541523891192857210e-02
8.685890357558845309e-02
1.478804803299201276e-01
7.860054583592612776e-02
-2.089575850482670860e-02
8.994528032986760790e-03
3.467723985939718395e-02
-8.739322878905220193e-02
1.552081396257724843e-03
1.003633331741832502e-01
4.830143229865950516e-02
-6.038302149145394898e-02
5.485909845420771508e-02
-3.108259480022335097e-02
-8.856714107442942296e-02
6.972946208918377742e-02
5.027457199770331980e-02
4.520987315002654439e-02
7.796358787239988930e-02
9.578215233625034242e-02
1.191977157585848435e-01
2.032709202907261731e-02
1.244435127723622636e-01
-1.293378181526153026e-04
2.106980887426022908e-02
6.987727802032736579e-02
1.066118005444188777e-01
-3.183846106633112655e-02
6.520441726709802488e-02
1.675673862290210647e-01
2.775716483936937345e-02
1.022039934538051809e-01
1.569154933269225893e-01
2.086617430330395262e-01
3.478710368151739091e-02
4.786951867857987264e-02
1.219278075059892358e-02
4.634837167917463946e-02
5.131182770906436708e-02
1.199995185999560843e-01
4.020070020409942380e-02
2.144626134451203120e-02
7.507291505566826562e-02
-3.363518209943184428e-02
-7.045958034840434092e-03
7.656226290855656924e-02
-4.974957052063314761e-02
2.509011780666133007e-02
1.077193145341131253e-01
8.711370401869225621e-02
1.182902340454450724e-01
4.334056323429124474e-02
-6.689910659115200220e-02
5.398383153693879499e-02
4.487547327027754940e-02
-2.443551553053067288e-02
3.190313491368667459e-02
-8.223991012361396569e-03
-5.754360541812671842e-02
-4.605295969858419491e-02
7.808148338318951498e-02
3.189070355825999320e-02
1.435357689395884428e-02
3.689671702321530716e-02
5.004093222960164650e-02
7.084973295032551133e-02
2.169645886253358802e-02
-1.302578391262206037e-02
8.019183911737209902e-02
3.716739094158962031e-02
4.055070189144102666e-02
-4.720200108269310968e-03
6.361010279819878654e-02
1.231873746251805068e-01
2.144306177561693116e-02
7.027710326889230474e-02
-2.096961224044580768e-02
-2.175113495375315814e-02
2.337044749036045616e-02
7.516783616820650604e-02
9.452077620186877249e-02
-7.265335544376250176e-02
1.422552961683126727e-02
7.195113015780543742e-02
8.174660049966557540e-02
6.555745415855925018e-02
2.184028388219463879e-02
-3.300966194991761943e-02
1.116338638300388153e-01
2.961845441413660240e-02
3.741963328160628072e-02
-7.840040579267687493e-02
6.923552921718650888e-02
2.634696411014580270e-02
3.766502011601922245e-02
2.413429562499646436e-02
1.123271183096307274e-01
7.525179180493819786e-02
5.182852007719121468e-02
1.253796472890978952e-01
-5.261389570953432793e-02
7.421253291362513160e-02
2.927797254147264383e-02
-2.194532824200724069e-02
5.171029852375635949e-04
5.493819991808396308e-03
3.058029083204599069e-02
-2.061599694693876106e-02
9.922552055334876719e-03
1.123420638703444968e-01
4.570115626521104729e-02
1.146990397663614769e-01
3.827197492005807861e-02
2.998741514051361801e-02
1.422828605106212785e-01
5.608745431971593615e-02
4.343142485461101016e-02
7.700888600048734489e-02
7.946539862347662408e-02
4.058266979695761972e-02
4.136773500539849685e-02
-5.407323598352845040e-03
-1.738889453535050200e-02
-6.614495313791282638e-02
7.049049138003679604e-02
1.026913130253275797e-01
1.407270990472448136e-01
1.489805118870250744e-03
6.646249293606079633e-02
1.750358317202208719e-02
-7.979461515046998299e-03
-5.796597361287375572e-03
1.768356634736230337e-01
1.269347877762987825e-02
7.564215488510411811e-02
6.728622909188397561e-02
1.161518539941348849e-01
-4.176601285961874938e-02
3.630474649033436224e-02
-7.698626751865154938e-02
2.153561267391867345e-02
1.266581369495625164e-01
-8.744822847559903523e-03
-2.440914619671602503e-02
-4.868813730831857839e-02
9.474409503151061396e-02
4.330399007756267210e-02
7.624370066054889095e-03
8.822391907545530654e-02
-1.899178652076265877e-02
6.205729718779487425e-02
-4.272656900031984728e-02
-3.642781736496415734e-02
9.076510543627419603e-02
-2.983831251042381311e-02
-1.331627163230326705e-01
4.821422454306121402e-02
3.769976226990436746e-02
1.104297905669913982e-01
6.774996728877455410e-02
3.996068053745495396e-02
-2.252050047068368532e-02
-3.902661825811466062e-02
6.913137662930388117e-02
4.369677930557622214e-02
1.246327480957196421e-01
-8.310967051438092335e-03
2.261643684690950451e-03
-1.544821346300053605e-02
7.471348925336196434e-02
8.346924835246970209e-02
1.113213295619320531e-01
5.936681076499628062e-02
4.689707289260657691e-02
1.079782134801611782e-01
6.197982707103768391e-02
1.195275313974241693e-01
9.464945306420477489e-02
6.689140936192412845e-02
1.304958069299829160e-01
3.941687719467276002e-02
-6.133709410620892533e-02
5.102929814847934759e-02
5.361161563207254149e-02
9.317749133074842982e-02
2.985812486029851970e-02
9.278121850535930859e-02
9.278013187216249680e-02
-2.385867188537546535e-03
5.662434096454131011e-02
3.393423252414964897e-02
7.859578811513989738e-02
4.523449603183973822e-03
7.554599039954659756e-02
3.885465090475069549e-03
1.119813017799134169e-01
6.969055912497260086e-03
1.134873962116318691e-03
1.038045289746277466e-01
-7.207644135385654627e-02
9.257195803915464760e-02
1.084219633200184663e-01
8.344857421259582742e-02
9.983695206040911485e-02
1.028909088826692741e-01
6.239949152054450471e-02
1.581172994086112171e-02
6.310972940465267578e-02
-1.875501907765241699e-02
-5.995848602179866538e-02
2.062932386353549113e-02
5.510244749359014677e-02
-2.090672218950587191e-02
1.849440001573050135e-02
6.076252645016388954e-02
2.675325328285331483e-02
-4.408433228168924523e-02
-2.505172019841538089e-03
4.306161683787672334e-02
2.054533389787589065e-02
9.253284034233388855e-02
9.762194734494530901e-02
-3.642796434659633514e-02
5.451194370763234875e-02
-2.173579210852832899e-02
5.821801299332523411e-02
4.879158587060446195e-02
-9.634738566801200055e-03
1.507036501545804680e-02
9.110008671429027649e-02
4.070987688484997008e-02
-1.169223160498382430e-01
7.708650105553646603e-02
6.052544875974884275e-02
-3.100570272447303322e-02
8.132692221957127376e-02
1.049688219336666617e-01
1.618176177525901954e-02
-2.648665950246793799e-02
3.629483439747267781e-02
8.468027395906829735e-02
8.293598772955559917e-02
7.530638828771910043e-02
3.748037131932369787e-02
3.592864079164991703e-02
3.837643272892075907e-02
4.521503895791462169e-02
5.915287587207242875e-02
1.030961701461509117e-01
2.759623364875978674e-02
4.584229512178977783e-02
5.715317142970141595e-02
1.191024926789762545e-02
-5.982061997495946581e-02
1.865632960334432516e-02
-1.326323589280243437e-02
-3.130925628855628362e-02
8.367389249584769595e-02
2.535886963334233607e-02
-6.917766641104235170e-02
1.004489030740905453e-01
8.414248762779398538e-02
-1.721904956484481691e-02
4.978394247770329128e-02
8.819388608463887835e-02
1.335836155210495119e-02
4.392487011346848935e-02
-1.518851075020816177e-02
6.119896254164830518e-02
9.882238386920988438e-02
5.414566357469363655e-02
1.089006518020712300e-01
9.277492876573720237e-02
4.826130574834597287e-02
4.757718843690655897e-02
-2.124537161778141531e-02
5.976029693203253196e-02
5.904611554776294235e-02
4.817428534072853985e-03
3.846729184025184101e-02
3.885212080054430139e-02
3.137860317282321898e-02
8.442527831309333541e-02
1.316538627097507963e-01
1.136204588140526800e-01
1.100184027630046468e-01
-7.604516214099280025e-02
8.128881327864945217e-02
6.791979958038829590e-02
-4.967829226542763016e-02
4.036698289385943356e-02
-5.332015591757270634e-03
-6.669628860905646439e-02
7.733503115645061488e-02
1.233690121825901376e-01
2.422244621131158793e-02
5.000893044015722322e-02
-3.213186567869014826e-02
9.465517744874701878e-02
-2.093745497915994180e-03
8.425551330594274746e-02
2.776156312274756510e-02
5.089995235492944525e-02
1.967943242961632533e-02
6.338381585813709918e-02
5.155641744677204319e-03
9.031739909725031157e-02
5.139107490222764862e-02
1.370414314658465749e-01
