  0.348521 0.00303388   0.370549
  0.485686  0.0046839   0.937191
  0.554995  0.0137721   0.470805
  0.633995  0.0883844   0.544242
  0.626619  0.0190985   0.700828
  0.661855  0.0338115   0.683415
  0.820884   0.623294    0.94024
  0.700955   0.109992    1.50387
  0.731122   0.044508   0.832472
  0.751016  0.0437733    1.21486
  0.767462   0.124143    1.28395
   1.03963    0.72666   0.657142
   0.80537  0.0668517   0.620189
  0.890984   0.434966   0.685136
   1.21938   0.917559   0.677544
   1.03042   0.695651    1.05795
