   0.346691 7.81689e-05    0.370549
   0.481109 0.000186093    0.937191
   0.543616 0.000296172    0.470805
   0.581858 0.000458653    0.544242
   0.609695 0.000725776    0.700828
    0.63306  0.00086049    0.683415
   0.652841  0.00110708     0.94024
   0.673464  0.00150917     1.50387
   0.691266  0.00227169    0.832472
   0.709009  0.00302823     1.21486
   0.726665  0.00930004     1.28395
   0.748295  0.00311869    0.657142
   0.758511   0.0183753    0.620189
   0.779516  0.00428475    0.685136
   0.793666  0.00362326    0.677544
   0.795216  0.00426304     1.05795
