
1 1 1.9039976838416974
2 1 1.5344372951962035
3 1 1.3666775765366788
4 1 1.2711835450882063
5 1 1.2127037103069453
6 1 1.1826634529078621
7 1 1.1721386639813511
1 2 1.2340232867169092
2 2 0.8247343370999379
3 2 0.6688424607759825
4 2 0.5972470304606020
5 2 0.5543185394351942
6 2 0.5385636561328480
7 2 0.5289703956210067
1 3 0.8028659996979995
2 3 0.4428795645515423
3 3 0.3293403216864249
4 3 0.2841093211188987
5 3 0.2566731174073201
6 3 0.2495353847104551
7 3 0.2451608757150327
1 4 0.5230744811749694
2 4 0.2368846513745755
3 4 0.1640874844473142
4 4 0.1386941036241063
5 4 0.1216896614479105
6 4 0.1164757619834047
7 4 0.1125770766441745
1 5 0.3430489179693856
2 5 0.1297927143664782
3 5 0.0809510926420849
4 5 0.0683419973419958
5 5 0.0594512778187986
6 5 0.0566573668253714
7 5 0.0520294741922543
1 6 0.2237426771358827
2 6 0.0733366866760539
3 6 0.0407032081464323
4 6 0.0319162961205823
5 6 0.0279009544025048
6 6 0.0273210859637947
7 6 0.0226581888934457
1 7 0.1463894420712879
2 7 0.0396768001118514
3 7 0.0182629916348222
4 7 0.0155786181220026
5 7 0.0133365798107568
6 7 0.0103184262103560
7 7 0.0171148842721045
1 1 1.8861144184732164
2 1 1.4927582166536486
3 1 1.2975601331007578
4 1 1.1807878134251426
5 1 1.1049259128890538
6 1 1.0625546552317513
7 1 1.0486811867707067
1 2 1.2283454220504739
2 2 0.8072964278769182
3 2 0.6385264452374048
4 2 0.5542284129916486
5 2 0.5019747767357158
6 2 0.4772090597375611
7 2 0.4644932342346216
1 3 0.8024672703057296
2 3 0.4399549098585409
3 3 0.3196306694030543
4 3 0.2612001862848916
5 3 0.2299338430999544
6 3 0.2159436671933493
7 3 0.2071666415174668
1 4 0.5267640187080452
2 4 0.2419282732607622
3 4 0.1607538770068972
4 4 0.1271653486287006
5 4 0.1099398085611220
6 4 0.1028586182756523
7 4 0.0956530672271180
1 5 0.3489907199398194
2 5 0.1313028089532077
3 5 0.0783297721035052
4 5 0.0609834812752018
5 5 0.0498168766293399
6 5 0.0479920050212529
7 5 0.0488842240523330
1 6 0.2317113473692839
2 6 0.0693894737132342
3 6 0.0383594739798959
4 6 0.0266548980096917
5 6 0.0228846644849768
6 6 0.0217273287995028
7 6 0.0217345823478023
1 7 0.1536757124269179
2 7 0.0389707160671358
3 7 0.0190711881062091
4 7 0.0148730780728271
5 7 0.0064255363029897
6 7 0.0101350660093112
7 7 0.0146380126316771
1 1 1.8869762621920463
2 1 1.4841251121620562
3 1 1.2846791591763584
4 1 1.1642880873741026
5 1 1.0873351082218010
6 1 1.0452300251818407
7 1 1.0340972249651759
1 2 1.2253244576902733
2 2 0.7904802386403341
3 2 0.6175192360706466
4 2 0.5268147152578837
5 2 0.4732574869013383
6 2 0.4417285954117214
7 2 0.4345323601869832
1 3 0.7951927231395374
2 3 0.4203048086862188
3 3 0.3003007976243006
4 3 0.2392709481251153
5 3 0.2067898305189062
6 3 0.1890809802011894
7 3 0.1863962895291506
1 4 0.5176620825788295
2 4 0.2224792300693404
3 4 0.1474434498467108
4 4 0.1097325624164089
5 4 0.0888335449613756
6 4 0.0795646242602093
7 4 0.0766675332106359
1 5 0.3387490773186969
2 5 0.1177988529090797
3 5 0.0704618138933710
4 5 0.0517148093390316
5 5 0.0426564971225721
6 5 0.0340585259519191
7 5 0.0366064838608837
1 6 0.2200307065291331
2 6 0.0611334479131859
3 6 0.0333850265513592
4 6 0.0233167000623116
5 6 0.0195045608428670
6 6 0.0186681050577914
7 6 0.0170731794992851
1 7 0.1436776770934671
2 7 0.0304524167445622
3 7 0.0163586346310006
4 7 0.0122213768045694
5 7 0.0076001287360714
6 7 0.0111246690187797
7 7 0.0042872036621710
1 1 1.8578600370122791
2 1 1.4075407516616623
3 1 1.1603241653043348
4 1 0.9958804667991963
5 1 0.8853201150399457
6 1 0.8225799368321489
7 1 0.8020317746126391
1 2 1.2040486088517799
2 2 0.7448628236030486
3 2 0.5537768916723641
4 2 0.4498148438906894
5 2 0.3856163155931770
6 2 0.3540959915103623
7 2 0.3460995586521754
1 3 0.7831837259695216
2 3 0.3951188777122779
3 3 0.2629724814975004
4 3 0.2013972886139521
5 3 0.1632856411427090
6 3 0.1447648359950066
7 3 0.1421324697651359
1 4 0.5104590004789389
2 4 0.2087335394629934
3 4 0.1226938092039361
4 4 0.0884778984741763
5 4 0.0671366934669838
6 4 0.0632045333623130
7 4 0.0593318776316350
1 5 0.3347892694888308
2 5 0.1115090444965052
3 5 0.0566189498180077
4 5 0.0357035669396139
5 5 0.0268861669317498
6 5 0.0284219196931915
7 5 0.0284423832618120
1 6 0.2183310551118057
2 6 0.0584114176814079
3 6 0.0292764531268153
4 6 0.0154664028627722
5 6 0.0129016393509711
6 6 0.0103537300578996
7 6 0.0153669547946838
1 7 0.1435365133244276
2 7 0.0314704952414120
3 7 0.0148684242787632
4 7 0.0071741522501199
5 7 0.0038186729211780
6 7 0.0079662232971752
7 7 0.0098455238690612
1 1 1.8580841763003855
2 1 1.4082924238925163
3 1 1.1640893016290057
4 1 1.0068095705138373
5 1 0.9052942392755519
6 1 0.8444055162544970
7 1 0.8259695615253664
1 2 1.1999652681445168
2 2 0.7333474458994358
3 2 0.5351872173326645
4 2 0.4265608240761901
5 2 0.3607828742809386
6 2 0.3225905117591341
7 2 0.3157961119668298
1 3 0.7769479886055238
2 3 0.3853248909404805
3 3 0.2513737111200932
4 3 0.1882312732217594
5 3 0.1533954995262563
6 3 0.1291913784915324
7 3 0.1282722457268983
1 4 0.5027260419605116
2 4 0.1994198952530429
3 4 0.1171927511298972
4 4 0.0817578825890359
5 4 0.0605715383098545
6 4 0.0498994210107088
7 4 0.0511206044263562
1 5 0.3272607145544597
2 5 0.1034996083203168
3 5 0.0546507316282399
4 5 0.0389320605280223
5 5 0.0244480328081060
6 5 0.0173666090331034
7 5 0.0208700132944269
1 6 0.2158898991382891
2 6 0.0533013978935248
3 6 0.0269165224990111
4 6 0.0166901284897305
5 6 0.0088231000290116
6 6 0.0060614242609526
7 6 0.0099790615438350
1 7 0.1370542566614310
2 7 0.0259941750189063
3 7 0.0135982420682621
4 7 0.0090283418853013
5 7 0.0054958496633293
6 7 0.0030135699221679
7 7 0.0052400945324318
1 1 1.8386686884481251
2 1 1.3567014078122934
3 1 1.0800727922824975
4 1 0.8963498075801218
5 1 0.7743085388842752
6 1 0.7042548027809269
7 1 0.6805358834128317
1 2 1.1855200209061587
2 2 0.7053255485782326
3 2 0.4948063434423463
4 2 0.3760188990130951
5 2 0.3072253861354427
6 2 0.2698016325123693
7 2 0.2589052289990862
1 3 0.7703947044412227
2 3 0.3769985008617711
3 3 0.2325223261056573
4 3 0.1668896483795190
5 3 0.1334953912436347
6 3 0.1172459270440366
7 3 0.1132273762677970
1 4 0.5010407236195240
2 4 0.2015261004995783
3 4 0.1089472656128754
4 4 0.0713551419848767
5 4 0.0536947244272326
6 4 0.0455628258771386
7 4 0.0432442242909300
1 5 0.3271480584404455
2 5 0.1105786865995649
3 5 0.0527776141577087
4 5 0.0316888806607502
5 5 0.0226147033144854
6 5 0.0226578930629999
7 5 0.0218646839989311
1 6 0.2149246475306026
2 6 0.0609303905463087
3 6 0.0270743260878416
4 6 0.0151292420684482
5 6 0.0079355221895092
6 6 0.0091793548125433
7 6 0.0039728916292536
1 7 0.1404673844934325
2 7 0.0327743562899098
3 7 0.0117827868993250
4 7 0.0060672755875730
5 7 0.0026641164481321
6 7 0.0016932609671208
7 7 0.0009687796603638
1 1 1.8390644563541412
2 1 1.3598499208152184
3 1 1.0808189541813591
4 1 0.8945647784092823
5 1 0.7714741220639495
6 1 0.7003769212123215
7 1 0.6759809529063006
1 2 1.1840962554111401
2 2 0.7049931202825517
3 2 0.4910131296606393
4 2 0.3735420176947364
5 2 0.2997069094050836
6 2 0.2603267958715360
7 2 0.2481020304321672
1 3 0.7645051816129976
2 3 0.3696250872831941
3 3 0.2285693125865292
4 3 0.1615696873259142
5 3 0.1179925533412858
6 3 0.0998899432103657
7 3 0.0905400297218942
1 4 0.4935125125703112
2 4 0.1935680379511224
3 4 0.1096095716126913
4 4 0.0745834436543171
5 4 0.0484918710199860
6 4 0.0424009021099993
7 4 0.0433677122446425
1 5 0.3171531088038472
2 5 0.1000963886350841
3 5 0.0486897309458181
4 5 0.0323405047991747
5 5 0.0197979391559586
6 5 0.0155241678286860
7 5 0.0197374662376158
1 6 0.2042302120326220
2 6 0.0515984504135617
3 6 0.0202350947210607
4 6 0.0138468317982057
5 6 0.0102356482388754
6 6 0.0046682579808221
7 6 0.0053582602910634
1 7 0.1314063442006471
2 7 0.0267648642138201
3 7 0.0094159212540232
4 7 0.0039005449199086
5 7 0.0034640969988615
6 7 0.0020560563764981
7 7 0.0048905251895361
1 1 1.8485264850543555
2 1 1.3842089886765021
3 1 1.1215850276895603
4 1 0.9459314655567619
5 1 0.8332727860066740
6 1 0.7697631068570232
7 1 0.7477394427603661
1 2 1.1962584938861587
2 2 0.7206543769235998
3 2 0.5140745907457305
4 2 0.3922306170016172
5 2 0.3175054244163844
6 2 0.2823293861029448
7 2 0.2674445561639716
1 3 0.7748987732519188
2 3 0.3802308841606109
3 3 0.2420921666518548
4 3 0.1693019351724206
5 3 0.1272330439433101
6 3 0.1135026568270348
7 3 0.1033146403170964
1 4 0.5005878045737923
2 4 0.2010350785222050
3 4 0.1170261445468284
4 4 0.0728180882836490
5 4 0.0557263660669628
6 4 0.0479031971748474
7 4 0.0385445493726282
1 5 0.3231808002344246
2 5 0.1068727184840927
3 5 0.0556431138745804
4 5 0.0337850370045646
5 5 0.0205058670600660
6 5 0.0189244257152184
7 5 0.0096263471326557
1 6 0.2096761145010369
2 6 0.0563917606886367
3 6 0.0244100588566167
4 6 0.0148388336286511
5 6 0.0078163848644616
6 6 0.0001972348349126
7 6 0.0066325352119092
1 7 0.1357002247201787
2 7 0.0271601542408440
3 7 0.0131826660813042
4 7 0.0088575095976368
5 7 -0.0000487171484497
6 7 -0.0021376195183152
7 7 -0.0010635619944149
1 1 1.8251739565041565
2 1 1.3120555680763140
3 1 0.9967993680323444
4 1 0.7780328727196927
5 1 0.6337832084925803
6 1 0.5526538163655778
7 1 0.5271268712695409
1 2 1.1762728864814076
2 2 0.6815576800100561
3 2 0.4594773299353497
4 2 0.3246993653284765
5 2 0.2423614273197977
6 2 0.1994622473637260
7 2 0.1833263600904790
1 3 0.7577058317471888
2 3 0.3570653476647596
3 3 0.2122482822028859
4 3 0.1387896835329455
5 3 0.0955932435696605
6 3 0.0734872184283721
7 3 0.0659919636470648
1 4 0.4877843622149763
2 4 0.1862904066234349
3 4 0.0951177160389717
4 4 0.0555956483139943
5 4 0.0310403375259587
6 4 0.0222771517989727
7 4 0.0210178065543495
1 5 0.3141850772853715
2 5 0.0954992071981547
3 5 0.0387225252844837
4 5 0.0259546743368895
5 5 0.0119780713048092
6 5 0.0078886112995669
7 5 0.0093920792378894
1 6 0.2040440639099668
2 6 0.0510699239469301
3 6 0.0199232965913109
4 6 0.0083797336250750
5 6 0.0064377545601734
6 6 0.0035120208486099
7 6 0.0041869241269634
1 7 0.1328832376502467
2 7 0.0283592917515782
3 7 0.0090734722010719
4 7 0.0020394982648218
5 7 -0.0010254503610761
6 7 -0.0014299206598088
7 7 0.0024035011600649
1 1 1.8099359376367752
2 1 1.2806118182673571
3 1 0.9537057370597604
4 1 0.7315686628217368
5 1 0.5831463384859072
6 1 0.4952542788780334
7 1 0.4673764946962163
1 2 1.1598426794176171
2 2 0.6544047159717591
3 2 0.4208456156921365
4 2 0.2844957812734719
5 2 0.2015534830796379
6 2 0.1555218076027469
7 2 0.1416816441372506
1 3 0.7487086517103769
2 3 0.3424366448775249
3 3 0.1964703428040641
4 3 0.1254965261290578
5 3 0.0809178671493463
6 3 0.0617826981493286
7 3 0.0544909742483700
1 4 0.4856767257933242
2 4 0.1815961766560240
3 4 0.0913638940221213
4 4 0.0532620795972865
5 4 0.0351801364858963
6 4 0.0251310709446359
7 4 0.0241152639289583
1 5 0.3145702953770848
2 5 0.0969164186625369
3 5 0.0447538233279579
4 5 0.0216981383616165
5 5 0.0138666043099902
6 5 0.0081482609252601
7 5 0.0114207107464528
1 6 0.2016357837987703
2 6 0.0486960699249603
3 6 0.0255717006524550
4 6 0.0121113261414282
5 6 0.0075989485594605
6 6 0.0012814451086873
7 6 0.0049134755392948
1 7 0.1294124087630824
2 7 0.0254620644816790
3 7 0.0105057534237834
4 7 0.0088597049910865
5 7 0.0017425361497042
6 7 -0.0014630287909032
7 7 -0.0004327239584259
