3.0000000000000000 1.9039976838416974 1.5344372951962035 1.3666775765366788 1.2711835450882063 1.2127037103069453 1.1826634529078621 1.1721386639813511 
3.0000000000000000 1.2340232867169092 0.8247343370999379 0.6688424607759825 0.5972470304606020 0.5543185394351942 0.5385636561328480 0.5289703956210067 
3.0000000000000000 0.8028659996979995 0.4428795645515423 0.3293403216864249 0.2841093211188987 0.2566731174073201 0.2495353847104551 0.2451608757150327 
3.0000000000000000 0.5230744811749694 0.2368846513745755 0.1640874844473142 0.1386941036241063 0.1216896614479105 0.1164757619834047 0.1125770766441745 
3.0000000000000000 0.3430489179693856 0.1297927143664782 0.0809510926420849 0.0683419973419958 0.0594512778187986 0.0566573668253714 0.0520294741922543 
3.0000000000000000 0.2237426771358827 0.0733366866760539 0.0407032081464323 0.0319162961205823 0.0279009544025048 0.0273210859637947 0.0226581888934457 
3.0000000000000000 0.1463894420712879 0.0396768001118514 0.0182629916348222 0.0155786181220026 0.0133365798107568 0.0103184262103560 0.0171148842721045 
3.0000000000000000 1.8861144184732164 1.4927582166536486 1.2975601331007578 1.1807878134251426 1.1049259128890538 1.0625546552317513 1.0486811867707067 
3.0000000000000000 1.2283454220504739 0.8072964278769182 0.6385264452374048 0.5542284129916486 0.5019747767357158 0.4772090597375611 0.4644932342346216 
3.0000000000000000 0.8024672703057296 0.4399549098585409 0.3196306694030543 0.2612001862848916 0.2299338430999544 0.2159436671933493 0.2071666415174668 
3.0000000000000000 0.5267640187080452 0.2419282732607622 0.1607538770068972 0.1271653486287006 0.1099398085611220 0.1028586182756523 0.0956530672271180 
3.0000000000000000 0.3489907199398194 0.1313028089532077 0.0783297721035052 0.0609834812752018 0.0498168766293399 0.0479920050212529 0.0488842240523330 
3.0000000000000004 0.2317113473692839 0.0693894737132342 0.0383594739798959 0.0266548980096917 0.0228846644849768 0.0217273287995028 0.0217345823478023 
3.0000000000000000 0.1536757124269179 0.0389707160671358 0.0190711881062091 0.0148730780728271 0.0064255363029897 0.0101350660093112 0.0146380126316771 
3.0000000000000000 1.8869762621920463 1.4841251121620562 1.2846791591763584 1.1642880873741026 1.0873351082218010 1.0452300251818407 1.0340972249651759 
3.0000000000000000 1.2253244576902733 0.7904802386403341 0.6175192360706466 0.5268147152578837 0.4732574869013383 0.4417285954117214 0.4345323601869832 
3.0000000000000000 0.7951927231395374 0.4203048086862188 0.3003007976243006 0.2392709481251153 0.2067898305189062 0.1890809802011894 0.1863962895291506 
3.0000000000000000 0.5176620825788295 0.2224792300693404 0.1474434498467108 0.1097325624164089 0.0888335449613756 0.0795646242602093 0.0766675332106359 
3.0000000000000000 0.3387490773186969 0.1177988529090797 0.0704618138933710 0.0517148093390316 0.0426564971225721 0.0340585259519191 0.0366064838608837 
3.0000000000000000 0.2200307065291331 0.0611334479131859 0.0333850265513592 0.0233167000623116 0.0195045608428670 0.0186681050577914 0.0170731794992851 
3.0000000000000004 0.1436776770934671 0.0304524167445622 0.0163586346310006 0.0122213768045694 0.0076001287360714 0.0111246690187797 0.0042872036621710 
3.0000000000000000 1.8578600370122791 1.4075407516616623 1.1603241653043348 0.9958804667991963 0.8853201150399457 0.8225799368321489 0.8020317746126391 
3.0000000000000000 1.2040486088517799 0.7448628236030486 0.5537768916723641 0.4498148438906894 0.3856163155931770 0.3540959915103623 0.3460995586521754 
3.0000000000000000 0.7831837259695216 0.3951188777122779 0.2629724814975004 0.2013972886139521 0.1632856411427090 0.1447648359950066 0.1421324697651359 
3.0000000000000000 0.5104590004789389 0.2087335394629934 0.1226938092039361 0.0884778984741763 0.0671366934669838 0.0632045333623130 0.0593318776316350 
3.0000000000000000 0.3347892694888308 0.1115090444965052 0.0566189498180077 0.0357035669396139 0.0268861669317498 0.0284219196931915 0.0284423832618120 
3.0000000000000000 0.2183310551118057 0.0584114176814079 0.0292764531268153 0.0154664028627722 0.0129016393509711 0.0103537300578996 0.0153669547946838 
3.0000000000000000 0.1435365133244276 0.0314704952414120 0.0148684242787632 0.0071741522501199 0.0038186729211780 0.0079662232971752 0.0098455238690612 
3.0000000000000000 1.8580841763003855 1.4082924238925163 1.1640893016290057 1.0068095705138373 0.9052942392755519 0.8444055162544970 0.8259695615253664 
3.0000000000000000 1.1999652681445168 0.7333474458994358 0.5351872173326645 0.4265608240761901 0.3607828742809386 0.3225905117591341 0.3157961119668298 
3.0000000000000000 0.7769479886055238 0.3853248909404805 0.2513737111200932 0.1882312732217594 0.1533954995262563 0.1291913784915324 0.1282722457268983 
3.0000000000000000 0.5027260419605116 0.1994198952530429 0.1171927511298972 0.0817578825890359 0.0605715383098545 0.0498994210107088 0.0511206044263562 
3.0000000000000000 0.3272607145544597 0.1034996083203168 0.0546507316282399 0.0389320605280223 0.0244480328081060 0.0173666090331034 0.0208700132944269 
3.0000000000000000 0.2158898991382891 0.0533013978935248 0.0269165224990111 0.0166901284897305 0.0088231000290116 0.0060614242609526 0.0099790615438350 
3.0000000000000000 0.1370542566614310 0.0259941750189063 0.0135982420682621 0.0090283418853013 0.0054958496633293 0.0030135699221679 0.0052400945324318 
3.0000000000000000 1.8386686884481251 1.3567014078122934 1.0800727922824975 0.8963498075801218 0.7743085388842752 0.7042548027809269 0.6805358834128317 
3.0000000000000000 1.1855200209061587 0.7053255485782326 0.4948063434423463 0.3760188990130951 0.3072253861354427 0.2698016325123693 0.2589052289990862 
3.0000000000000000 0.7703947044412227 0.3769985008617711 0.2325223261056573 0.1668896483795190 0.1334953912436347 0.1172459270440366 0.1132273762677970 
3.0000000000000000 0.5010407236195240 0.2015261004995783 0.1089472656128754 0.0713551419848767 0.0536947244272326 0.0455628258771386 0.0432442242909300 
3.0000000000000000 0.3271480584404455 0.1105786865995649 0.0527776141577087 0.0316888806607502 0.0226147033144854 0.0226578930629999 0.0218646839989311 
3.0000000000000000 0.2149246475306026 0.0609303905463087 0.0270743260878416 0.0151292420684482 0.0079355221895092 0.0091793548125433 0.0039728916292536 
3.0000000000000000 0.1404673844934325 0.0327743562899098 0.0117827868993250 0.0060672755875730 0.0026641164481321 0.0016932609671208 0.0009687796603638 
3.0000000000000000 1.8390644563541412 1.3598499208152184 1.0808189541813591 0.8945647784092823 0.7714741220639495 0.7003769212123215 0.6759809529063006 
3.0000000000000000 1.1840962554111401 0.7049931202825517 0.4910131296606393 0.3735420176947364 0.2997069094050836 0.2603267958715360 0.2481020304321672 
3.0000000000000000 0.7645051816129976 0.3696250872831941 0.2285693125865292 0.1615696873259142 0.1179925533412858 0.0998899432103657 0.0905400297218942 
3.0000000000000000 0.4935125125703112 0.1935680379511224 0.1096095716126913 0.0745834436543171 0.0484918710199860 0.0424009021099993 0.0433677122446425 
3.0000000000000000 0.3171531088038472 0.1000963886350841 0.0486897309458181 0.0323405047991747 0.0197979391559586 0.0155241678286860 0.0197374662376158 
3.0000000000000000 0.2042302120326220 0.0515984504135617 0.0202350947210607 0.0138468317982057 0.0102356482388754 0.0046682579808221 0.0053582602910634 
3.0000000000000000 0.1314063442006471 0.0267648642138201 0.0094159212540232 0.0039005449199086 0.0034640969988615 0.0020560563764981 0.0048905251895361 
3.0000000000000000 1.8485264850543555 1.3842089886765021 1.1215850276895603 0.9459314655567619 0.8332727860066740 0.7697631068570232 0.7477394427603661 
3.0000000000000000 1.1962584938861587 0.7206543769235998 0.5140745907457305 0.3922306170016172 0.3175054244163844 0.2823293861029448 0.2674445561639716 
3.0000000000000000 0.7748987732519188 0.3802308841606109 0.2420921666518548 0.1693019351724206 0.1272330439433101 0.1135026568270348 0.1033146403170964 
3.0000000000000000 0.5005878045737923 0.2010350785222050 0.1170261445468284 0.0728180882836490 0.0557263660669628 0.0479031971748474 0.0385445493726282 
3.0000000000000000 0.3231808002344246 0.1068727184840927 0.0556431138745804 0.0337850370045646 0.0205058670600660 0.0189244257152184 0.0096263471326557 
3.0000000000000000 0.2096761145010369 0.0563917606886367 0.0244100588566167 0.0148388336286511 0.0078163848644616 0.0001972348349126 0.0066325352119092 
3.0000000000000000 0.1357002247201787 0.0271601542408440 0.0131826660813042 0.0088575095976368 -0.0000487171484497 -0.0021376195183152 -0.0010635619944149 
3.0000000000000000 1.8251739565041565 1.3120555680763140 0.9967993680323444 0.7780328727196927 0.6337832084925803 0.5526538163655778 0.5271268712695409 
3.0000000000000000 1.1762728864814076 0.6815576800100561 0.4594773299353497 0.3246993653284765 0.2423614273197977 0.1994622473637260 0.1833263600904790 
3.0000000000000000 0.7577058317471888 0.3570653476647596 0.2122482822028859 0.1387896835329455 0.0955932435696605 0.0734872184283721 0.0659919636470648 
3.0000000000000000 0.4877843622149763 0.1862904066234349 0.0951177160389717 0.0555956483139943 0.0310403375259587 0.0222771517989727 0.0210178065543495 
3.0000000000000000 0.3141850772853715 0.0954992071981547 0.0387225252844837 0.0259546743368895 0.0119780713048092 0.0078886112995669 0.0093920792378894 
3.0000000000000000 0.2040440639099668 0.0510699239469301 0.0199232965913109 0.0083797336250750 0.0064377545601734 0.0035120208486099 0.0041869241269634 
3.0000000000000000 0.1328832376502467 0.0283592917515782 0.0090734722010719 0.0020394982648218 -0.0010254503610761 -0.0014299206598088 0.0024035011600649 
3.0000000000000000 1.8099359376367752 1.2806118182673571 0.9537057370597604 0.7315686628217368 0.5831463384859072 0.4952542788780334 0.4673764946962163 
3.0000000000000000 1.1598426794176171 0.6544047159717591 0.4208456156921365 0.2844957812734719 0.2015534830796379 0.1555218076027469 0.1416816441372506 
3.0000000000000000 0.7487086517103769 0.3424366448775249 0.1964703428040641 0.1254965261290578 0.0809178671493463 0.0617826981493286 0.0544909742483700 
3.0000000000000000 0.4856767257933242 0.1815961766560240 0.0913638940221213 0.0532620795972865 0.0351801364858963 0.0251310709446359 0.0241152639289583 
3.0000000000000000 0.3145702953770848 0.0969164186625369 0.0447538233279579 0.0216981383616165 0.0138666043099902 0.0081482609252601 0.0114207107464528 
3.0000000000000000 0.2016357837987703 0.0486960699249603 0.0255717006524550 0.0121113261414282 0.0075989485594605 0.0012814451086873 0.0049134755392948 
3.0000000000000000 0.1294124087630824 0.0254620644816790 0.0105057534237834 0.0088597049910865 0.0017425361497042 -0.0014630287909032 -0.0004327239584259 
