1.634219130606932857e-02
9.096741456005016935e-03
1.147328837727971951e-02
1.993168480089040073e-02
1.308154949146016210e-02
1.399037532407580720e-02
4.792838296928529640e-02
2.552286752308534357e-02
2.354770983975516818e-02
9.814575968743174950e-03
2.244633368297387077e-02
2.356678296655394245e-02
5.711253860156416395e-02
-4.405470579096627814e-02
1.705394954860244006e-02
2.717627159645046031e-02
-2.994923493619406837e-02
2.331034022710758158e-02
-1.459360876730487686e-02
2.448406995078088177e-02
1.230096781528465522e-02
1.121614998745577851e-02
5.127518172385185646e-02
1.989674879751267278e-02
-1.445505975955220859e-02
1.955422383224934835e-02
5.881283788061728024e-03
2.284423364213859775e-02
-1.430064536302179390e-02
9.204259792267008300e-03
8.195592874259970129e-02
3.663367054594621197e-03
-1.653197761183473891e-02
1.990426372490554374e-02
2.792230731577526048e-02
6.597106318132066327e-02
5.220016180393775851e-02
4.647508357454019357e-03
5.412244446168777701e-02
-5.119134373389469528e-03
-6.184369753377412515e-02
2.556716588252987143e-02
5.785457178560103608e-02
2.440148180220950980e-02
7.559902082698020942e-02
-1.003201124464837835e-02
-3.784199496100483506e-02
-4.072490960917442282e-02
3.706253848485273339e-02
2.903190287811689696e-02
7.811051482475987739e-02
1.974499290518931527e-02
2.350152723291364099e-02
-3.633081488211704901e-02
5.417080639229242267e-02
-4.503666589491391037e-02
3.073524839682371945e-02
6.171241065971443118e-02
2.666785118660557063e-02
1.483361479062680899e-03
4.786308818038735591e-02
-2.187480313370362972e-03
4.228994913991478144e-02
-3.101410313452471201e-03
-4.434352279560085930e-03
8.424652707963983800e-03
2.216246898470718152e-02
1.203738306445599482e-02
-2.474706769127478848e-02
-2.399586290568746574e-02
2.264529238306665915e-02
-9.330899005116646827e-03
9.925779686194277640e-03
8.849861720067173088e-03
5.547759551721695437e-03
7.612656827598456022e-02
1.472006735941248923e-02
4.908827791185592371e-02
1.407026981679602995e-02
7.369916100880834209e-02
3.638291508521739048e-02
1.637827824900460472e-02
2.084341699297996564e-02
8.666125585526915365e-03
-1.187830390562695515e-02
-1.189793756802699776e-02
-1.185684269617433284e-02
2.029871355088695706e-02
5.513061626899461165e-02
1.615633987065988320e-02
3.943906346420415765e-02
-3.115210089815746361e-02
3.148769819791562286e-02
1.515918415091881133e-02
2.154024192378838076e-02
2.620444754469207493e-02
1.002911571366114918e-02
3.885953683797348235e-02
-1.359351853810766841e-03
2.167641767124292573e-03
2.496154102274160402e-02
9.280775954777206738e-03
-1.525058278834952319e-02
1.060520363506121944e-02
2.140986363114437407e-02
-2.110124471218917386e-02
-3.120884885533526873e-02
-8.948677678417851777e-03
-1.843555796261082957e-02
7.917440573156629691e-02
-1.063240620913787071e-02
-3.152926706663505829e-05
4.108851606008377677e-02
3.780025248869138543e-02
5.172182699592907384e-02
4.311921837919228950e-02
-3.994293075081103983e-03
-6.133601972176119799e-03
1.518954323090335179e-03
5.306756364987090524e-02
4.070543266157243545e-02
-4.592538279446514715e-03
-2.422901140952811450e-02
2.601213455424437881e-02
1.246619089374788325e-02
5.300552111071470118e-02
4.139811324584961871e-02
1.147558590796209088e-02
7.052213449289232439e-03
-1.775098125392240989e-03
1.203022945737013127e-02
-3.028496653731811705e-02
1.439899604742804484e-02
-3.935624940270000816e-02
2.222293207063268106e-02
3.288820163092884274e-03
5.048339245917325691e-02
-4.565339532614788587e-02
3.202419643594382748e-02
-3.285408518113888676e-03
3.658402536437925512e-02
-7.033625319378969398e-03
2.341987695649443146e-02
-6.522077491534508664e-03
2.295924611368792279e-02
1.639392571471386117e-02
3.384457211299539414e-02
2.127310221717719496e-02
2.726203172765533089e-02
1.754465108787377214e-02
-2.610343698310342575e-02
-4.338322676111797116e-03
3.614176796833110106e-03
1.192972822024600255e-02
-1.863923378186140359e-02
7.228481171572125052e-02
7.491432426519616106e-02
4.952216285962761366e-02
1.311526750287643484e-02
1.632700318236478265e-02
4.555533876393068338e-02
2.336544508999559289e-02
1.825778986288967287e-04
-5.924133269066961249e-04
-2.242171675891498073e-02
-3.034257335762804986e-03
3.735934003398498626e-02
4.452696475867864989e-03
3.636868770352379154e-02
2.091036999920801998e-02
2.958305676553084351e-02
2.121404018792792667e-02
7.299735284450867279e-03
4.819850407951907501e-02
3.268142952553980407e-02
1.718520269104599485e-02
5.681340725091618693e-03
4.843998390803987142e-02
-2.462382835935486569e-03
9.792893976773574261e-02
3.887199155470907885e-03
-2.804407374307900380e-02
3.094552185757269702e-02
5.420388506573863008e-02
-3.854168702729228457e-02
2.279114896885368891e-02
4.234419626903683509e-02
2.664568584155867226e-02
1.022629403573392659e-02
-6.181637670994583750e-02
-2.209120711999108810e-02
2.742502698785384552e-03
4.326139802469916584e-03
5.554391512480881532e-02
3.386499734381306914e-03
-1.235421273016319710e-02
-1.816871338488624740e-02
7.525901001979848348e-03
-1.245447330280592679e-02
5.466395703438152454e-02
2.324469354720996861e-02
5.556916533364512911e-02
3.464927740076949314e-02
-1.413314560497759553e-02
5.192540771851160419e-02
-1.387596602455549999e-02
1.845290656690422304e-02
2.559833101826029800e-02
1.801604735654353806e-02
1.475965515124603999e-02
-3.134733499013388214e-02
-2.656980508904534244e-02
-9.761268348211518675e-03
7.892485695718125249e-02
8.136928463856038518e-03
3.085273125366659597e-02
-4.444650551618663237e-02
1.726978713236930474e-02
-2.272823863450082471e-03
4.299174821983385575e-02
4.419625371087225474e-02
-1.365770722814436955e-02
2.810961238993574252e-02
-3.763931803021938749e-03
-2.464404104002977658e-02
6.191512262572194947e-02
7.406500728545510615e-02
3.094154665893286693e-03
-5.583237346884498131e-03
9.346441837354543813e-03
2.595752788866895200e-04
1.978425887431688179e-02
1.964358641231704616e-02
1.741780193563745305e-02
5.871941363638082112e-02
3.443267211841598285e-02
-2.783819999511440504e-02
4.136587510198268258e-02
3.886072394189407642e-03
4.519773318330809475e-02
-4.407987085731231158e-02
3.738575330906183936e-02
5.633417071890799155e-02
1.404222792400210140e-02
7.654572451309264725e-02
3.029151986209120684e-02
1.543759548512378676e-02
3.528213259931244072e-02
-2.432896814458796950e-02
6.402361005222720336e-03
1.598870532182188053e-02
3.666514087293930302e-02
6.297152687605998833e-02
-1.148067247648822120e-02
-7.241869979227058551e-03
1.779699212863387892e-02
4.543291549278931363e-02
-4.933474201698775929e-03
4.222756918094414114e-03
1.924179577805217034e-02
4.586153400680385850e-02
3.269258476026463967e-02
3.067241541777619707e-02
4.492103320353628415e-02
3.081412569327367235e-02
1.144389774301034224e-02
3.596402853826562163e-02
2.522161351033445909e-02
4.114484677254363898e-02
1.957175429293243896e-02
4.383465272813079350e-02
5.764490315227908945e-02
3.623609826396005651e-02
2.862894515285178965e-02
1.654186951736273670e-02
1.907923643599955532e-02
2.833555597894762967e-03
4.993174500936002624e-02
2.443207716537192098e-02
3.718461031051027710e-02
4.370232328348432060e-02
1.570475309105033579e-02
4.186099072405467802e-02
-4.630835620193798907e-03
2.687045527849372950e-02
4.189826349254159588e-02
1.935918633434728642e-02
2.967067562386209445e-02
5.560109083588268830e-03
5.166138679756764052e-02
7.025182716841035790e-03
2.429963554090307232e-02
3.901219976414348201e-02
-2.978838511315669291e-02
1.477398862508304267e-02
-4.500432840030835213e-03
-2.602783311289616486e-03
4.788409047280921260e-02
2.868363400807814878e-02
8.549447477236557513e-03
4.131660156066473133e-02
2.822428462363732460e-03
7.018363049284685740e-02
1.229117802603456322e-02
4.668187879898337556e-02
2.056003739674543140e-02
-2.902111204290403965e-02
-1.126196962937948964e-02
-1.699873333456670618e-02
7.424502248498526802e-04
3.392101747527602462e-02
-3.010688341309049332e-02
3.808169932579401340e-02
1.683901810350245387e-02
3.603142181223538409e-02
-6.966774166097824961e-03
-1.547195388402063110e-02
4.160716711475302698e-02
3.884341774838261097e-02
4.026382686095203445e-04
1.461353741705194442e-02
-1.650175222370488595e-02
-6.659818757016891522e-03
3.210191888147471972e-02
5.803052861361317205e-02
-6.119039093087087766e-02
8.208658353403550101e-03
2.541401822640647346e-02
-1.520516024990233028e-02
5.156797788853625941e-03
3.067856739213252470e-02
2.915328137206295300e-02
2.162615863756793544e-02
1.593728822586736038e-02
4.951031159895744049e-03
3.436107107066681265e-02
2.190087608774231309e-02
1.572286185721470664e-02
4.337021238427760106e-03
2.745625183999260421e-02
4.297036879693237610e-02
5.352493456815807238e-03
2.617025305094708432e-03
1.450687791644809932e-02
5.998246097396879584e-02
5.089716379675089664e-02
8.215791808546799024e-03
3.613996280443647346e-02
3.428597178461166572e-02
-1.157777637705872942e-03
3.697706258111303768e-02
1.237229953387068704e-02
-2.691404555899558002e-02
7.479318036359565436e-02
-3.975610808707454036e-02
4.467151325046601895e-02
3.044217036692746514e-02
2.879776739090204873e-02
2.266533085971687844e-02
-1.572137446173572581e-02
-2.587377196583431904e-03
3.851544486042633719e-02
5.601622972536272893e-02
4.701269783402559077e-03
1.408999139719811777e-02
2.439436430504980657e-02
-1.185757789005927043e-02
2.244054836283147780e-02
-1.200635537860901547e-02
5.718602262970161332e-02
2.589019543385999433e-02
-5.403798781393479023e-03
7.418966097976208152e-02
3.157747663684581929e-03
-1.267806084042645554e-02
3.372240389176715814e-02
6.108332127714707904e-03
-1.105107436800424614e-02
3.575248627908921006e-02
-1.030093876523836827e-02
4.533852136228420926e-02
-3.597023095553154859e-02
2.325130479021995933e-02
-7.323606862724721389e-03
-4.858880378024178770e-02
5.203442316588784144e-02
6.833001250865637644e-02
1.615777850055148679e-02
2.755096927681414953e-02
3.446867795020430725e-04
6.698208864419616382e-03
2.004657660553964271e-02
3.234403665482997459e-02
1.920863432249285407e-02
9.363450122690228361e-03
-4.043723751240153874e-02
5.220882638573147438e-02
2.141357276659454356e-02
3.461379817026320749e-02
-1.084870124923588419e-02
-5.156912027543120169e-04
