-1.980602405658313941e-03
-4.274638326100074770e-02
3.727778728297340138e-02
7.124530614095916925e-02
-1.159426586543430178e-02
6.244871508346544475e-02
-4.787100095193373012e-03
1.822757593612750124e-02
3.418615434378741158e-02
-7.865149003792178475e-03
-1.392949346190220164e-02
3.916371055630418763e-02
1.681127328377579264e-02
-2.619451702404004823e-02
1.893065035580398722e-02
1.459027213637419107e-01
-1.823937719777905114e-03
-2.684523791926893277e-02
7.880652043554672165e-03
1.354353513027719766e-02
-7.242142312136143345e-02
2.151573799901343106e-02
2.289509895315427687e-02
-4.639550997411506783e-02
-8.740032116422671860e-02
2.036593426479601371e-03
-6.466717584255356199e-04
-1.297011290796460520e-03
-1.256952488911972435e-02
1.036485700797053211e-01
-2.166393795137333891e-02
-1.459005732730334418e-02
1.940675557749779387e-02
2.430617533272893746e-02
5.123630811720566308e-03
4.527287462998380585e-02
3.470688756808087971e-02
-6.359259062660604922e-02
5.650990929388407386e-02
2.209233924173159211e-02
-3.089159937824201285e-02
8.631781645745517650e-02
4.423773157987253429e-02
-1.000335859885307342e-02
1.579851765605405287e-02
1.200469492876512709e-02
-5.313407532865729865e-02
3.144844195547043947e-02
4.734941097066486249e-02
-6.417225872918611018e-02
-1.584637926674806879e-02
2.927201809177396030e-02
1.296550741993792930e-02
1.109819295366423417e-02
9.543732966621889385e-03
3.513732989794862704e-02
-1.711099707817243312e-02
-1.980211527360346141e-02
-3.360996030383922584e-02
-6.005540144317648293e-03
1.110031679879247210e-02
-2.891425800970904431e-02
-2.570289299728648752e-02
-1.093177899633938042e-02
4.339094386591024755e-02
7.000534735720598256e-02
-3.028737548385646364e-02
-9.689444007434752648e-02
5.983405813840242393e-02
-8.612727649555677184e-03
2.475733595237213786e-02
5.994519111393078331e-02
1.068982255262695621e-02
5.951655060317292273e-02
-1.943263560152425420e-02
1.801530459377184354e-02
-7.721350531030804487e-02
6.105424981116727712e-02
5.570397272849677422e-02
-4.169553078029838988e-02
5.978559953375400804e-02
6.988800163331115867e-02
2.577056580167949584e-02
2.388431946393806612e-02
9.744842236525105145e-03
-2.284907811603523881e-02
2.711868774472852781e-02
5.467340313144414266e-02
-1.094850268409414476e-02
-4.305695231980974369e-02
-7.466407509427758216e-02
1.221837329175065254e-02
-6.758867314577839472e-03
-8.688522946640769851e-02
-1.370933891359671711e-02
1.674112682940917182e-02
4.607298742345014575e-02
4.071532022678875373e-02
-3.467921882086374974e-02
1.350303692361470506e-02
7.637785961518425010e-03
5.255276490001983131e-03
-5.302919263530939814e-03
-1.389356299796335251e-02
-7.380110417102018344e-03
7.869869044938439945e-03
2.433547974129396038e-02
4.801527662161893945e-02
2.238276183563244967e-02
5.139761900334438582e-02
1.059341907502353575e-01
9.032498970616113787e-02
2.846282666406765166e-03
-1.683190552164038137e-02
-6.016345743621174386e-03
-1.116113038465802072e-02
-6.555990776600267855e-02
1.005402135918734147e-01
1.141395073428128071e-05
4.758799727388435263e-02
3.595958175819619074e-02
6.071277411794057111e-02
1.126230589018242453e-02
-5.517132857287034009e-04
-2.046519702229441379e-03
4.220751782498296384e-02
-1.183231140866769851e-02
-3.040387496664839762e-02
2.566512271693906916e-03
-5.242715276687792691e-02
-3.927214387055039113e-02
-1.622341522810281239e-02
4.355214489684643142e-04
-8.547317608739751771e-02
-3.328490361611910475e-02
-2.356906934299355522e-03
-4.544969146648730751e-02
-5.006464631665128590e-03
-3.360857085263443955e-02
-3.471879280912974070e-03
-8.021819553972605113e-03
7.574647851847356866e-03
3.383423392858449924e-02
9.115373956504857489e-02
-1.056699050327833574e-02
-3.789126508810484323e-02
2.682091145785020156e-02
-2.394971829751638831e-02
-2.872515208674583653e-02
2.460910834861703561e-02
-9.734054557139082062e-03
1.953077514812134527e-02
1.015720411914721941e-02
-6.237926102148030894e-02
-6.744798618523686895e-02
-3.095241603296050581e-02
-3.151258568937734955e-02
2.920125027101497239e-02
-4.687182267096538096e-02
5.063313558755958010e-02
4.214756078455047378e-02
4.963172453287090224e-02
3.592645819235115029e-02
5.411677852290269763e-02
7.378458955999601943e-02
1.834639921204680654e-02
7.410602756785206191e-02
-3.863857365613385109e-02
-1.601151285651081571e-02
-3.120185021487324045e-02
-1.617709363062769592e-02
-9.541405694177555047e-03
6.660109378280779091e-02
4.794741503558227341e-02
5.204911414013649318e-02
1.612234680862633870e-02
3.833878578777788482e-02
4.104868944829794669e-02
5.483328670948916378e-02
2.900367591416638108e-02
1.031427577608240095e-02
-2.254119057781584293e-02
9.542856813137656768e-02
1.324271814136426459e-02
3.352252545949548773e-02
1.090228192323252840e-02
-3.158682271549681508e-02
6.377177500430510765e-03
1.355281176325703538e-02
3.102718642430154355e-02
-6.570913002849579354e-02
-7.660361409231354612e-04
-1.076655163604986649e-02
1.966535264739152286e-02
4.066886703638819545e-02
-4.541277986209599909e-03
3.485190496134965565e-02
-4.594170295068061849e-02
1.493740410629079349e-02
-5.799743892229182463e-04
-8.232496029819269187e-03
1.128996524941805121e-02
1.076214760062129891e-02
-2.811756820355063718e-03
6.845925411933836968e-02
1.904251838118597648e-02
-1.846108594386705604e-02
9.071776129066552730e-02
-7.007716191233529651e-03
-7.083527710966708302e-02
-2.849182790030894280e-02
3.579379945239283267e-02
8.517309857144075153e-03
5.598628906595098931e-02
-4.977899614702449571e-02
2.373803126614195541e-03
4.185932975025077885e-02
-4.018738233411937172e-02
5.725192529228564225e-03
3.011935686644303528e-02
6.332617789900879535e-02
-9.746883303471679666e-03
-1.885269047696453218e-02
4.239674153099684539e-02
6.641176587995178959e-02
3.176744339868545208e-02
6.768255311856333223e-02
3.216527308561770160e-02
-7.605297697878364571e-02
5.895711483497641930e-02
3.231507969461533403e-02
1.373234237480494210e-02
2.861695807581498760e-02
7.526549935558303484e-02
-7.328394241214619687e-02
-2.282887043677128691e-02
1.494351814818161914e-02
7.279927441191144655e-02
-2.118449539077499680e-02
-1.130657250822980978e-02
-3.398768052700507081e-02
-1.452308666071322821e-02
-1.535231842727761108e-02
-2.575174237090555387e-02
4.759034888010382769e-02
5.013818624467521884e-02
8.485288213438524352e-02
6.661344916987610443e-02
-5.988466839297213601e-02
-7.759135179850469924e-03
3.687170295574832002e-02
4.739383007938523934e-02
3.721759048968792394e-02
1.190590519393435950e-02
5.837326543310900062e-02
-1.015792225443027351e-02
1.502150745510938065e-02
2.444124251513135268e-02
-8.716139600770070328e-02
3.462753352738545676e-02
6.061554450827844054e-02
1.338115233453330832e-01
5.156650201255773974e-02
-3.983213292237831188e-02
2.639517675483562392e-03
6.032460332782957346e-02
7.324597427784240722e-02
-2.504238640055223702e-02
2.321631973432158533e-02
3.852572383380895027e-02
-2.831805576923127066e-02
7.144833397354218713e-03
3.686015999484731909e-02
9.334073816538442786e-03
1.454992888631392520e-02
1.741863114004926424e-02
2.240800256325389123e-03
3.071249795004767774e-02
5.924864877215604148e-03
-8.935184851019687541e-03
-2.639402659031953730e-02
5.030874106072183438e-02
2.335735872682528566e-02
-8.398095080243002733e-03
4.288710000435708158e-02
5.612137331149527619e-02
-1.611415809933084559e-02
3.676881097476322052e-03
-3.749737900828428727e-02
-1.875128304311510230e-02
-1.444410735921997438e-02
4.989922845172162225e-02
-2.194456181728060909e-02
2.543044626476850117e-02
5.001411505571221050e-02
-6.203384459826519898e-03
1.518451873854076081e-02
5.737991109357992725e-02
7.405613972960065072e-02
-1.105455162792780277e-01
-4.396937508698298830e-03
6.225172788240681404e-02
-3.775553987578620513e-03
3.262847947889154637e-02
7.142430537644402916e-03
-1.063640906391078236e-02
4.146214368844117204e-02
-4.739902170267055320e-02
4.370979638331121131e-02
2.567303130129288888e-02
7.141659437871386573e-02
4.380066494207967426e-02
2.257614033312524068e-02
-6.710043266381736371e-02
5.798970597213112116e-02
-4.476045911943643540e-02
2.361625947646217236e-02
1.236888324536486103e-02
1.834804755499990989e-02
-5.505828542532829190e-02
4.807543992907295505e-02
-2.832206434081566832e-02
-1.567817060652177200e-02
-5.623626431384657481e-02
3.943347133911104252e-02
-3.504314466915320336e-02
1.271330868488601204e-02
7.940286831757861763e-02
8.988251233657928996e-02
-2.052083158228110854e-03
5.151160688871044696e-02
-3.308584679721809918e-02
-3.887499366461460992e-02
1.144793030851497251e-01
5.564398808659734574e-02
3.991341358161148989e-02
-3.285712580913355274e-02
-1.447954366452397848e-02
-1.364896555568928874e-02
7.877805963131991052e-02
-8.386074279457977898e-02
-7.728741394415487159e-03
-1.535390911805254062e-02
2.724055962169443651e-02
-2.044402076829849105e-02
-7.804628381209295987e-03
3.763003579466680376e-03
2.935106926561486737e-02
3.409655010326070185e-02
2.091055435580648977e-02
4.105586618500797064e-03
1.468119752710036682e-02
-5.595747404520404894e-03
3.351417255572822218e-02
-3.329587193300093118e-02
-4.215909014888580275e-02
-1.001055823653773658e-01
3.456848234969750466e-02
2.950604144942275617e-02
-3.879604099877199258e-02
3.580471761320508373e-02
-7.319415600844746128e-02
2.983107512536567474e-02
6.413374221815218434e-02
-7.302465212878597733e-02
2.936515296374689332e-02
-5.262595832896819342e-03
1.013678154889563129e-02
4.304605813638090472e-02
-2.717975132751446199e-02
-4.069037159589200536e-02
3.104490248019397755e-02
-3.512328595463048986e-02
-1.090524831839870777e-02
3.345259427054200069e-02
6.664572184738867117e-03
8.253892639123294739e-02
-5.659106956455467463e-02
-8.836799367219240475e-04
-4.040220441230427811e-03
-9.222788143728831434e-02
3.604997615572452796e-02
2.636322187079653476e-02
1.843940139361107886e-02
2.409704230155712210e-02
1.933319977401842457e-02
1.446488596229575027e-02
-5.016065101830183975e-02
-1.470708985022304432e-03
6.272049864479399550e-04
2.977026226256881264e-02
7.167729718589029714e-03
2.702941591659942938e-02
-3.329119434508739928e-02
-2.656649459724547829e-02
7.630171853770212342e-02
1.659393546781212300e-02
1.241224544199822852e-02
-3.784820871780284618e-03
3.810676769521154084e-02
-3.031100809491621764e-02
