1.053623677241238496e-02
9.933551552901150744e-03
9.753469664585259075e-03
9.450009179884779481e-03
8.548140500281155990e-03
1.198394417365924655e-02
1.148147821225214624e-02
1.042110599731762774e-02
8.522282944053712755e-03
1.086934649655007731e-02
7.283365630894319404e-03
8.045910123271184794e-03
1.066544255073880940e-02
8.727890033418946730e-03
9.690661554942883033e-03
1.170622382554761462e-02
7.508981694139407054e-03
6.349427329488812471e-03
8.508744302767181494e-03
1.060480148560069211e-02
8.729307528157200652e-03
6.601536827028211402e-03
8.482273893477689647e-03
8.190727569759994470e-03
6.502363365125104350e-03
8.266331095136966040e-03
9.852294504114341572e-03
1.171019800938033137e-02
1.018522322457609749e-02
9.043899117147365802e-03
1.323403465461655756e-02
8.351400040672720543e-03
8.350334030709779393e-03
9.896553846882174404e-03
8.837157616479737049e-03
1.002011300547986025e-02
1.120978334165536813e-02
7.232076481516049732e-03
1.180679724034807906e-02
8.570944690646366965e-03
8.550281625948199377e-03
9.370971466265001076e-03
1.210860618665709695e-02
1.136531994094843942e-02
1.185948479638765027e-02
9.692067146780943693e-03
7.842597268885028589e-03
6.151309786490002235e-03
7.421226005621391758e-03
6.124114379034841654e-03
1.130115064489733631e-02
8.685553240090900656e-03
1.136437617958979338e-02
9.173808226585197095e-03
5.932348897697416884e-03
3.736858905762915212e-03
4.568662701775052376e-03
8.120469539269339204e-03
7.340946285273593913e-03
8.351035298423122727e-03
1.113274786377321454e-02
4.346408309290474697e-03
1.037499377644745743e-02
5.103919963033300838e-03
5.628816291501356067e-03
6.421864042329274852e-03
7.443341072412425902e-03
1.009599899477852877e-02
5.365306124299470264e-03
7.976970565424092857e-03
9.348610600612840965e-03
6.468677152355186560e-03
8.355804423386816587e-03
8.587845600802470475e-03
1.104119117000853731e-02
1.048703296122790660e-02
8.257450114901029176e-03
7.280702165709803525e-03
9.236784098175656460e-03
7.663417202152519175e-03
7.746911586198747951e-03
9.407497748243200814e-03
8.500535534786548414e-03
6.835478209432362812e-03
9.222469310658506364e-03
3.999799493416691248e-03
5.487468727638219329e-03
7.542752598159865179e-03
7.617791946219473059e-03
1.094914925697284755e-02
1.365289079654121926e-02
8.556943360895904321e-03
1.090156341717232399e-02
1.306895150728181951e-02
7.138290981835156840e-03
8.692915123199581456e-03
1.021293899420682924e-02
9.829569223846337106e-03
1.323565848914728602e-02
8.246173600769537287e-03
8.790541069814552383e-03
7.615069471473136925e-03
9.961732053781893054e-03
1.023280397194528332e-02
6.722459504879676334e-03
9.924662034504757452e-03
9.365654310876100203e-03
9.307416775224532784e-03
8.245421317856490434e-03
8.676523347491967714e-03
9.285481041941264641e-03
6.730180560691741837e-03
9.317697067829224661e-03
8.261217549024032353e-03
8.998045049532912149e-03
8.088310533572725530e-03
8.356734749446755733e-03
8.154191980518501331e-03
4.207171857287663602e-03
7.634326116979780336e-03
9.485272208323011073e-03
4.172551561839873274e-03
9.972148731220566859e-03
8.990089707764239296e-03
1.207350641437398772e-02
9.857501633196426999e-03
8.975442551130832086e-03
3.793797351417101810e-03
5.134469941807797561e-03
9.494673960685758723e-03
6.012632344869619366e-03
4.923842578128941744e-03
9.459080292046197908e-03
1.017374692602018502e-02
1.258908575207842370e-02
1.019920402350437891e-02
1.038692245679581280e-02
1.066778103505194517e-02
8.368050545161789117e-03
4.455091499207666089e-03
1.299681746800812263e-02
1.302273712805348746e-02
7.008835256297887145e-03
7.525432375099918442e-03
6.697259030763871163e-03
9.133803921039931190e-03
1.111075253801871096e-02
7.490830704840325399e-03
6.596929337314840630e-03
7.055020661655000275e-03
8.035978838394765983e-03
7.980680329994629257e-03
1.182526444831646581e-02
1.011469692547117480e-02
9.845299051231406334e-03
1.509665908529217102e-02
1.237272307897218857e-02
9.635554916803398123e-03
6.629261581923558827e-03
9.073910295296912926e-03
9.137099778882825513e-03
7.155950451042943777e-03
8.627608758770829306e-03
7.550723263897714949e-03
5.691993859433388397e-03
7.470081930301544076e-03
7.714615412572341929e-03
5.923583652719662668e-03
8.828333377646348928e-03
5.918760432503385877e-03
6.459083385497162849e-03
8.754267160160780076e-03
9.076837936203698692e-03
8.095803706841400021e-03
7.263707723870607008e-03
7.772866220825676992e-03
6.484012862807416594e-03
1.216273743328319043e-02
7.884685782762603651e-03
9.015680925754106928e-03
1.154126227386656142e-02
8.438948389620223173e-03
9.037900236894404887e-03
8.014235795561205217e-03
9.129844160936786274e-03
9.314372010573997857e-03
7.991650394078838454e-03
1.052525636243667115e-02
5.827125144487462632e-03
9.323431351088564550e-03
6.528868846340515203e-03
4.885180615163128154e-03
9.106809087117553186e-03
1.126066068786845883e-02
8.760088918692978538e-03
8.248145121806934460e-03
1.121028107557195050e-02
6.702419906775832631e-03
7.338617014628481122e-03
9.861946503643134049e-03
1.200255978022174083e-02
1.057658487176981951e-02
1.093127297780826720e-02
1.162911785105552251e-02
1.039202042494690933e-02
1.027210410638440194e-02
1.199717069134173184e-02
8.865361775373527958e-03
1.430169986281176406e-02
6.663337888812983362e-03
5.913448964059844076e-03
7.814419088842252531e-03
1.001603404552880647e-02
1.001530452521728551e-02
1.055787894132214841e-02
8.057741057952424318e-03
6.407629477801487367e-03
9.142159514972655193e-03
3.837551128741258782e-03
8.700846601808195219e-03
7.878100084789532026e-03
7.678220384515068581e-03
8.767184198664176170e-03
8.511420339491339998e-03
7.658999507087895647e-03
1.029787160169756341e-02
1.020987966481284523e-02
1.064909350497577831e-02
9.465975307485354623e-03
1.050136268733292341e-02
6.394522523671810482e-03
8.311277214087250259e-03
9.106112974575638480e-03
6.857428209653956136e-03
8.319148287243002121e-03
1.091900112602281134e-02
9.317525666604067197e-03
8.792361317404014803e-03
4.686160963838083976e-03
1.163421157458737962e-02
1.091601577690212363e-02
1.168058688259781749e-02
1.336657369174390139e-02
8.752146122261297151e-03
8.207197003245039063e-03
7.585554823199138624e-03
6.253424220076655299e-03
5.518510503215997426e-03
6.573563092286401760e-03
1.013232037489597212e-02
6.454200039870679889e-03
1.112381197367728544e-02
8.613172147039768051e-03
6.375019105573916794e-03
7.667132315662402581e-03
9.695343841633893150e-03
1.215640623917185401e-02
9.964079375908842934e-03
1.129561364368702678e-02
9.519332745166055737e-03
7.066167943927250533e-03
7.829794326185270797e-03
8.291690902720718487e-03
9.238373308311367132e-03
5.396860610326344870e-03
8.116726003080661916e-03
9.865851492172891118e-03
9.276241262112513292e-03
1.153030432510984346e-02
9.518197350131814977e-03
7.909642113606143304e-03
9.618418001180042282e-03
1.087002841856407262e-02
1.016813234324994916e-02
3.878665473925898416e-03
7.566620596877595556e-03
7.710973500392872410e-03
9.350430535897954337e-03
9.437779402904768883e-03
1.340083280327350121e-02
9.364225863815463929e-03
9.063282431733401395e-03
4.869901643238663119e-03
4.610778819738311357e-03
6.112784783430105090e-03
1.039832929849826212e-02
3.923222243754489330e-03
8.008455208978190049e-03
7.077271056940278443e-03
8.764098691399904023e-03
7.108643710296704693e-03
1.039757965961604289e-02
8.422949156726835390e-03
6.290505349318128298e-03
9.519355148942112294e-03
9.457678966944407101e-03
8.860460512685460616e-03
1.147618199560773364e-02
8.971078124396233283e-03
4.480366952362421079e-03
9.626648350620905376e-03
8.359388713909534502e-03
8.644511753863323017e-03
7.937268787903680595e-03
1.029400270048358088e-02
9.074874634481807506e-03
9.011967708872217070e-03
6.905797938849541490e-03
8.736254604737866275e-03
1.012857729914662039e-02
8.044334978442726353e-03
6.858958018283036612e-03
5.982971067039207641e-03
1.063617983098938055e-02
6.375799445579723862e-03
7.170604751888656064e-03
7.156317687133092326e-03
8.855938770629675355e-03
8.819767944192865444e-03
8.016986713356846067e-03
7.630375999449486718e-03
8.840952364655842860e-03
8.632061105130480611e-03
1.129499518229381758e-02
1.029669270684915525e-02
5.837016171681971149e-03
1.044919967146784243e-02
1.345808660055721959e-02
1.094330939693008084e-02
7.928104273007410135e-03
7.219902160197629731e-03
8.704952562696152002e-03
1.214183209523849935e-02
8.033096749023440480e-03
1.231656849731809986e-02
1.054831771513220148e-02
7.831621512434796401e-03
9.496705318673828028e-03
1.019024146789767812e-02
9.700325462966005036e-03
1.004872362354344503e-02
1.034693210777814718e-02
6.860513807286913041e-03
1.038854492621088185e-02
1.101478467614477527e-02
9.208411547105967848e-03
9.782925021488832890e-03
8.297057638656925999e-03
1.030690662262481391e-02
1.079579383725006933e-02
1.216994596143952320e-02
1.152037291967014307e-02
6.773142371514492138e-03
9.111514258186289433e-03
8.523239031367198931e-03
7.773567355294216247e-03
8.687693102919499116e-03
5.373828432029128382e-03
1.092082167490043484e-02
8.125706125375744410e-03
8.311515893503065161e-03
8.726863889146615344e-03
8.936657306126274264e-03
9.692384734084621284e-03
1.314307074016015861e-02
8.876075778107141850e-03
6.885697377049800755e-03
7.516660303542584826e-03
4.465940101471412710e-03
8.802536709398286335e-03
1.112467130282123948e-02
7.426040844272088076e-03
1.023342207297120096e-02
6.787133631000887707e-03
1.165916702323105056e-02
1.127444192556669930e-02
9.885391570035591963e-03
9.779852859949086236e-03
9.771090160431008392e-03
1.020939521780256029e-02
7.362619028241226132e-03
9.741382835783542887e-03
1.100152766677603075e-02
7.885827049412538065e-03
3.987028224681773286e-03
1.146414496890318588e-02
1.193425664525987404e-02
9.750227293203458240e-03
1.225417552266460861e-02
1.009899022085438899e-02
9.932944618611518756e-03
8.964785930243020923e-03
1.313311314756037892e-02
9.622349327611797593e-03
1.117356381038186672e-02
7.954343206133664829e-03
1.403314521687029290e-02
9.414830656512686996e-03
7.448561946075678980e-03
1.033679944660345282e-02
1.367758080180927691e-02
