1.176634038398148618e+00
7.958880264987165942e-01
1.346434322768375713e+00
5.343605257793051511e-01
2.943243239277858192e-02
6.793617000084517521e-01
-9.595352905566609802e-01
-3.091626145430972916e-01
-1.044991694050134701e+00
5.553331209838425764e-01
-5.229262497951706612e-01
9.277673925461326077e-01
-3.447678746498485103e-02
-5.250828988740727787e-01
-8.488013185517508108e-02
4.176091135765641060e-01
-4.666367723893449782e-01
-1.347008805609589688e-01
9.973473318876795168e-02
5.618291652714435536e-01
-2.818260262185956488e-01
-5.633942738036717968e-01
-2.755380887719677263e-01
4.004665276639465810e-01
8.022116710643616422e-01
-5.796544668089516350e-02
-2.863133034712736502e-01
1.094997844261991204e+00
-6.941327528242614842e-02
-5.499732805468393604e-01
4.524937183099846938e-01
-1.600755498740613625e-01
4.674874350353692698e-01
-4.093149937493725798e-01
3.602754880840691176e-01
4.980995699031584567e-01
8.778849196809296318e-01
-2.488121830978615445e-01
8.512429247949508671e-02
3.380012284094763286e-01
-9.897817721764569365e-02
-1.543744966964175069e-01
3.850871130243113671e-01
5.700686058325910022e-01
-6.855753976006114803e-01
3.860603268237491892e-01
-2.441005662460277170e-01
-5.515781649553728183e-01
4.092164793826083558e-01
6.296822243735026303e-01
3.207422242878370244e-02
1.930936872090185663e-01
-1.017966367251752074e-01
7.552046757870349847e-01
1.259001519922170464e+00
-2.405103240056689906e-02
-8.137526488363745758e-02
5.745121056131377024e-01
2.196349413560047537e-01
2.202219991228104579e-01
-5.261120157466506742e-01
-2.627813679384485845e-01
3.799376622331485098e-01
-2.816538285728531488e-01
2.527191808180132004e-01
3.124899225066631869e-01
-9.819816255996650645e-01
-5.208321079048879865e-01
4.381309494227089707e-01
-6.624687005813034713e-01
2.452598144277256809e-01
-5.052640066031303112e-01
-8.540279386269475359e-02
-4.094713714672806870e-01
-6.943087406145590501e-01
4.389378733002893829e-01
2.410528647060788954e-01
-3.237944356130798007e-01
3.287681855088153693e-01
1.215679939785579838e-01
-7.769143974017885812e-01
-6.401427345349293418e-02
1.255611359123776083e-01
-1.266587023031284787e-01
-9.617459341272532880e-01
-1.648152024368840229e-01
-1.247409183129198684e+00
-8.868588120448248069e-02
3.537932123356221648e-01
6.122638700956820612e-01
4.080532537126826953e-01
-6.386773114345974944e-01
-2.779804178281859717e-02
-4.954772677432300876e-01
4.005312746218805398e-01
1.159085254692049233e-01
-6.097937885159444849e-02
-1.901426067798376029e-01
-1.110292328670464679e-01
7.572066093952181109e-01
-1.401904324866753981e-01
1.328077137052435519e-01
1.541884069493973941e+00
5.775385821767272665e-01
-4.922918311251286427e-01
-2.600343118514272800e-01
5.249215624228510402e-01
2.414726063433999814e-01
1.105166389843051239e-01
-4.590678022784427936e-01
-3.420292070404382656e-01
-1.009579648993190304e+00
-4.077941118881407701e-02
-5.275739955416399729e-01
3.052485507070795689e-01
4.225306189578822424e-01
3.949370933346115775e-01
1.265749139699304249e-01
2.128269900800422165e-01
-5.817183102682699225e-01
1.368739241104731441e+00
-4.253805115078876375e-01
4.202252549266802251e-01
-2.835063107075666555e-01
8.565620579218780062e-01
-7.208576422461504540e-01
-3.867133602710168816e-01
-1.060062976873778373e+00
-8.773369241806008856e-03
-3.171874901112911593e-01
3.776859295861509369e-01
-1.990487781214300977e-01
2.058911548655839308e-01
-8.134886861920906376e-02
4.015258316727734478e-01
-8.931527681696624921e-01
6.674241623420833491e-01
9.450363788547076760e-02
-8.159276091979764667e-01
-6.605469998306301438e-01
2.295519192768713523e-01
6.288178161505453279e-01
1.517347928258874767e-01
-2.400516097311969355e-01
-4.834960282569633061e-01
-8.769620497086072497e-01
7.532007477675912721e-01
-1.490307823473313864e-01
-2.909855891483792423e-01
4.361045286132361753e-01
5.176423556843778861e-01
-1.268054484963376805e+00
4.300651939638064358e-01
2.314982338261342698e-01
-1.465849516244913386e-01
4.588076976863065815e-01
1.754596157163765269e-01
-2.150685884602960007e-01
-1.910246339502208457e-01
-2.139073018741263765e-01
4.888350006346103838e-01
-5.229265349909474614e-02
-4.916945755859034595e-01
4.310876129726803896e-01
2.740246916694305535e-01
-9.038160097676467553e-02
7.276183348710509868e-01
4.282525590672407734e-02
-1.223228850480581609e-01
4.650540252541912611e-01
9.450581367330387894e-03
-2.561734837347687255e-01
7.120122147794975820e-02
7.008139479906291269e-01
8.271032260710499129e-01
6.091557992150552214e-02
-7.088511930682384055e-01
1.345138535994244433e-01
5.781241142711501801e-01
5.391692046709993802e-01
3.117108587053911417e-02
1.251900317832080334e-01
5.400626502193244249e-01
7.457127308162224411e-02
-3.876996912191024713e-01
8.238796113141183541e-01
-6.304869417531236975e-01
1.159066483496654643e+00
3.070750815236944486e-01
-3.620459090600186558e-01
-4.934659671261804048e-01
2.164825149966298490e-01
9.581305398113095784e-01
-1.029276955011787648e-01
-2.134046558678840133e-01
-3.061042551426682023e-01
2.761479369376901305e-01
-2.909582384754777484e-01
-3.770762563399741030e-01
-3.389613256977315470e-02
-1.492950269616003245e-01
-3.117785382051013743e-01
-6.717724975398728926e-01
-8.412733843686182045e-01
1.947093373129950233e+00
3.398192857598096583e-02
3.966099474400242020e-01
1.537025218233248058e-01
4.824075718284068226e-01
-3.956898503591946836e-01
5.722988016040798653e-01
2.292831198487915445e-01
-6.478356564065756995e-01
1.125604926415175955e+00
3.199759935768777819e-01
1.530271015860486195e+00
-1.898435004282536531e-01
9.197807206060961693e-01
1.442669871438456708e-01
4.545927884462536150e-01
1.724181325284290800e-01
-3.655185447066015003e-01
5.705354084429480332e-01
2.680274580699137932e-01
-1.308635548951249394e-02
-3.065064947661012493e-02
9.838032379043958053e-02
-6.925114796225914082e-01
6.609010447205028171e-01
4.704074827675909787e-01
-1.174554900897059495e+00
1.559905182432152759e-01
-2.983627307546504737e-01
-3.406300578966153791e-01
2.367702247742991817e-01
-5.300999568307596110e-01
-5.092596856680314810e-01
7.876560462053767697e-01
8.694908544291528596e-01
1.326691605324864243e-01
-2.003285550360112133e-01
5.683349860601259740e-02
-3.781394552807154641e-01
-3.572337001484933439e-02
5.228203626553676875e-01
-1.289481246718127139e-01
-2.321406496762213056e-01
6.271917572121531170e-02
2.386163391676437706e-01
-6.149308653240856959e-01
7.424652958116472190e-01
-1.866526872832841022e-01
-1.469585231051936836e+00
-8.393800579447609211e-02
-5.528019789606833934e-01
-3.673108820955839349e-01
-1.554797068862856513e-01
5.143610115951865458e-01
1.088856719456326339e+00
-4.630335355738021685e-01
-2.797017746455840448e-01
-1.819851937311975643e-01
-6.859755742204654005e-01
9.665181982419203122e-01
2.571345647820465208e-02
5.322559119749027401e-01
1.545492578870896638e+00
-6.573502331327529813e-01
1.865544380569016114e-02
-4.836792328478765057e-01
-2.448604523143549372e-01
-1.930940829950892057e-01
-2.592302737038476579e-01
-3.219944622693690639e-01
-3.808772633380753114e-01
-3.196418959333231780e-02
7.300089874068825535e-02
-4.237517619261929602e-01
-7.012583461689606557e-01
1.113370548685600703e+00
1.408527671746374166e+00
-9.530761509273357746e-01
3.342126710697237990e-01
4.409020741135985522e-01
2.474602116509364014e-01
-3.234367474022573075e-01
-1.123040660531159141e+00
3.986264236634382008e-01
-6.335603423390414601e-01
-8.182597288510327083e-01
4.758444990874424740e-01
1.402752041062119148e-01
2.150419952249085775e-01
-6.156877300171836875e-01
9.622187072944457520e-02
-8.526270776903682735e-01
-7.781413026599154348e-01
4.446523129611883174e-02
-1.117337570541508729e+00
-3.675045529964491298e-01
8.231105665494550250e-01
-6.754489622513030200e-01
-1.508428503020895040e+00
-5.578515988811497683e-01
2.011245933870642044e-01
-3.549172915658636018e-01
-5.962037967277663553e-01
-2.043774136894466464e-01
-6.247433692129490679e-02
-2.177823561480135561e-01
-6.444126552691832599e-02
8.431239138822070600e-02
4.689575870457651785e-01
4.681131828751322610e-01
-1.232459362711375794e+00
-2.524097793235605125e-03
-4.309720823501853038e-01
-1.750401336386556428e-01
8.538772515283982179e-01
3.235479836059429459e-01
4.458980524276150992e-01
-1.102726681234751593e+00
1.054435384884713639e-01
-4.137877135925532857e-01
1.290092364758232080e+00
1.407975358781981823e-01
5.331776525106468601e-01
-2.991056965123792821e-01
3.073250646762198390e-01
3.140195795459335693e-01
2.428151510025927662e-01
-1.657604355679853647e-01
5.516192545066772590e-01
-2.871558012945085725e-01
4.214474852986843656e-01
2.138961289375171382e-01
3.142085036164198875e-01
3.431803714266545291e-01
-3.666192864572662136e-01
-1.895766343319907343e-01
-1.534601057746373676e-01
-6.226828313050256636e-01
-4.600843518691307560e-02
1.033784890498853137e+00
-1.350973385511371250e+00
-3.091948134710198470e-01
-7.722358950145599144e-01
-4.553901018052738947e-01
-5.418918982427885916e-02
2.866526794873952566e-01
6.634251504959595147e-01
-6.653616583803965145e-01
-6.640808892730262203e-01
3.805745646402611260e-01
2.910316649371856579e-02
-5.667539288164922251e-01
-1.844005296176481901e-01
-4.656047069019481760e-02
3.190030055182521695e-01
-9.371664237900757810e-02
1.588751230711114848e-02
-1.068251219790812501e+00
-4.038657650657459519e-01
6.823886750968453929e-02
-4.898307506377861387e-01
7.657517857473927769e-01
3.624266852808089023e-01
1.024216088965605564e+00
4.493286865425576149e-02
1.064778703968124240e+00
-6.263465044421184791e-01
1.232814763562059546e-01
-4.424179859523952318e-01
3.135836434462121458e-01
-4.039366017816417576e-01
2.209345381502955674e-01
-5.886128427256817064e-01
-1.000955397932101892e-01
6.351291683121122744e-02
-4.051616873818678077e-01
2.416633626436195947e-01
-7.451261545699945643e-02
6.783310306763573605e-01
-3.268654346563176771e-01
-3.662112096379621651e-01
1.259546246584437146e+00
-1.150501938768595966e+00
2.279088249771632491e-01
-2.707801866451253758e-01
3.143096580551826835e-01
9.072389750531859587e-01
-2.797389577982354325e-01
4.770220931057014280e-01
4.568672448245360007e-01
-1.363173806578105440e-01
4.443297806066143218e-01
-7.765739474686340904e-02
-1.968625014132349971e-01
4.243101477206176475e-01
2.794745787061749809e-01
-2.002073503059531856e-01
